   1.3514628e-02  -3.3350560e-03  -8.0938522e-04   8.5123132e-02  -1.3573838e-01
   1.2396980e-02   1.0397508e-02  -1.3424301e-02   9.3456578e-02  -6.3776155e-02
   1.6603014e-02   1.3215659e-03  -8.5543931e-03   6.0953539e-02  -1.4449229e-01
   3.1510270e-04  -2.6060103e-03   2.2909076e-03  -3.7375260e-03  -2.6138508e-02
  -9.5787515e-04   1.1119903e-03  -1.5411511e-04   4.0898062e-04   2.2064951e-02
   2.1309511e-02  -1.4252497e-03  -1.2874342e-02   5.1070626e-03  -8.2934620e-02
   2.6408753e-02   1.6361477e-03  -2.1034981e-02  -3.4104624e-02  -1.0266902e-01
   2.0259100e-02  -9.2545404e-04  -1.2323727e-02  -1.0074707e-02  -1.5386348e-01
  -6.4815751e-03  -2.3001747e-03   8.7817498e-03  -1.0713363e-02   5.2197510e-02
   9.4420697e-04   7.7298639e-04  -1.7171934e-03  -4.1442108e-03  -1.8655391e-02
   3.0260088e-02  -7.7855907e-03  -9.3801205e-03   8.3227830e-02   2.5527295e-02
   2.7145451e-02  -1.2092110e-02  -1.9589639e-03   7.7418828e-02  -1.6604317e-02
   3.1047085e-02  -1.0718320e-02  -7.2343876e-03   4.9663390e-02  -1.0241386e-01
   1.1328744e-03  -2.3927309e-03   1.2598565e-03  -7.0345248e-03  -2.4331367e-02
  -2.4494332e-03   5.4956266e-04   1.8998706e-03  -2.9642229e-03   1.2841781e-02
   1.1185432e-02   4.7229091e-04  -1.3840671e-02  -1.0335546e-01  -6.8555630e-02
   4.0956825e-03   6.5537960e-03  -1.2832426e-02  -1.1148904e-01  -3.2800087e-02
   7.7073365e-03   1.3306765e-03  -1.1220960e-02  -7.6808750e-02  -1.0969481e-02
  -1.5996042e-03   4.5748815e-03  -2.9752773e-03   1.0159721e-02   2.8807520e-02
   5.6548514e-04   4.1459593e-04  -9.8008107e-04  -5.2912395e-03   7.5123765e-03
   1.7985902e-02   3.1918026e-04   2.6263188e-03  -1.0549296e-01  -4.5572044e-02
   2.6137060e-02   5.9870885e-03  -1.1192747e-02  -7.7916532e-02   1.3718184e-01
   2.1551803e-02  -2.6520847e-03   2.0316826e-03  -9.2151157e-02  -2.3503470e-02
  -2.1042196e-03   4.4254639e-03  -2.3212443e-03   8.3100262e-03   7.4678240e-02
  -1.3251673e-04  -1.2981266e-03   1.4306434e-03  -4.0868922e-03  -1.6466394e-02
   8.4341394e-03  -6.4337694e-03  -1.6154554e-02  -5.3447934e-02  -1.6117313e-01
  -1.6553145e-02  -8.8403254e-04   3.2829938e-03   2.0520386e-03  -8.9450780e-02
  -8.3315468e-03  -2.0002983e-03  -3.8223391e-03  -2.9681113e-02  -9.2071557e-02
   7.0287800e-03  -4.7719514e-03  -2.2568287e-03   5.0529029e-03  -2.1898205e-02
  -2.3951430e-03   3.0770872e-03  -6.8194417e-04  -6.5556652e-03   3.7492339e-03
   1.2822702e-02   8.6168228e-04  -2.6622506e-02  -2.9628393e-02  -3.8122313e-02
   5.6842331e-03   2.6717174e-03  -2.1294072e-02  -1.9190398e-02  -5.1510736e-02
   9.4292763e-03   5.1305104e-03  -2.7497908e-02  -1.2993047e-02   2.0510823e-02
  -6.3164658e-03  -1.6435690e-04   6.4808227e-03  -4.4827571e-03   3.4431741e-02
   1.1192280e-03  -2.7992701e-03   1.6800420e-03   1.2001012e-03  -2.4616864e-02
   1.3771284e-02   5.3857847e-04  -3.8108736e-03  -1.1721452e-02  -3.4226766e-02
   9.7307164e-03   1.1949420e-02  -1.1181148e-02  -1.9084529e-03  -4.0391769e-03
   1.7771601e-02   5.9462420e-03  -1.3218854e-02   2.0516001e-03   1.4143871e-02
  -1.0465479e-03  -1.4391148e-04   1.1904594e-03  -1.3082597e-03  -1.9845165e-02
   9.2432110e-04   4.8534282e-04  -1.4096639e-03   4.0623704e-04   3.7096279e-03
   7.4568280e-03   6.2660146e-03  -2.2888273e-02   8.9715768e-02   2.0391550e-02
   2.7952997e-03   5.4457785e-03  -1.7406509e-02   8.8679629e-02  -1.3102448e-03
   5.6782282e-03  -1.8053801e-03  -1.3038278e-02   4.4246144e-02  -4.7508460e-02
   1.6236717e-03   2.5280890e-03  -4.1517607e-03   3.6594142e-02   4.8152213e-03
  -6.0883260e-04  -4.3032212e-04   1.0391547e-03  -4.7685660e-03   6.9129229e-03
   1.6110602e-02  -1.4044721e-03   3.7651278e-03  -2.4379428e-02  -9.9199485e-02
   2.2622754e-02   2.6201482e-04  -4.4135106e-03  -1.4427644e-02  -1.1074134e-01
   1.6564669e-02   3.3560218e-03  -1.4494330e-03   1.1225569e-02  -6.0281516e-02
   1.0482868e-03  -2.0995818e-03   1.0512949e-03   2.2128500e-03   5.4026763e-02
   1.7420971e-04   7.0715885e-04  -8.8136856e-04   6.1041003e-03   3.7990023e-04
   1.0945893e-02  -8.1582477e-03  -1.1887085e-03  -2.1105578e-02  -6.8565145e-02
   1.6726965e-03   1.5902844e-03  -1.6640442e-03  -6.5769641e-02  -1.4555100e-01
   7.7972306e-03   1.8506756e-03  -8.0489695e-03  -3.4510794e-02  -8.8208515e-02
  -2.2152985e-03  -4.8217959e-03   7.0370944e-03   7.9969750e-03  -7.9700536e-03
   2.2123121e-03   2.8266656e-04  -2.4949786e-03  -6.2943969e-03  -1.1820191e-02
   1.4873215e-02   1.7286559e-04  -2.5416740e-02   8.8946374e-02  -2.4236531e-02
   7.5480800e-05   1.3683483e-02  -2.4129623e-02   1.2586207e-01  -3.3656928e-02
   7.7456705e-03   8.0514407e-03  -2.6167771e-02   8.8277434e-02  -4.4500104e-02
  -7.9620449e-04  -2.6585968e-03   3.4548013e-03  -6.9689218e-03  -9.9093940e-03
   8.1623026e-04   1.1074425e-03  -1.9236727e-03   1.8457457e-03   5.0294443e-03
   2.4034953e-02   1.5492667e-03  -7.4633992e-03  -1.1197070e-01  -2.1023852e-01
   1.9973239e-02   1.2087551e-02  -1.3939970e-02  -1.3767564e-01  -3.3339668e-01
   2.5802892e-02   1.5180030e-03  -9.2000749e-03  -1.2212495e-01  -2.8079074e-01
  -1.5676981e-03  -4.1153799e-03   5.6830781e-03  -1.1799948e-02  -1.3223132e-02
  -3.0774004e-04  -4.2455145e-04   7.3229149e-04   1.5685356e-02   3.0125932e-02
   9.1052256e-04  -5.7233055e-03   1.0340279e-02  -3.7599577e-02  -1.8828668e-02
  -6.0568126e-03   1.0987258e-03   1.0485583e-02  -3.0937990e-02   1.1910292e-02
   3.1312975e-04   7.0196193e-03  -1.8052527e-03  -4.1914937e-03   5.7215135e-02
   4.4327885e-03   2.7488403e-03  -7.1816288e-03   6.4818769e-03  -6.8308114e-03
  -1.5210274e-03  -8.3050563e-04   2.3515330e-03   5.0828153e-04  -8.3550727e-03
   1.7316755e-02  -1.3904905e-02   1.6703715e-02  -3.2721221e-02  -2.4539732e-01
   1.9373952e-02  -1.9823004e-02   2.0564617e-02  -3.5056248e-02  -3.0491639e-01
   2.2735885e-02  -1.2678159e-02   1.0057839e-02  -2.4707029e-02  -2.3157485e-01
   3.6447253e-03  -3.6058643e-03  -3.8860940e-05   1.5351902e-02   1.4853376e-02
   2.7859732e-04  -1.0273128e-03   7.4871545e-04  -1.1169460e-03  -6.6225970e-03
   1.7637774e-02   1.7955384e-03  -4.9500004e-03  -3.6497856e-02  -1.2848924e-01
   8.7442664e-03   1.4113074e-02  -8.3740284e-03  -5.5160191e-02  -1.0722888e-01
   5.7657771e-03   4.5850114e-03   4.1325238e-03  -3.5270055e-02  -8.4981497e-02
   6.3814328e-03  -7.3598810e-03   9.7844822e-04   2.1155418e-02  -1.1256094e-02
  -1.1357670e-03   2.1306495e-03  -9.9488241e-04  -1.3131117e-02   2.8692117e-02
   1.6468352e-02  -2.9920434e-03  -9.0532469e-03  -8.9787948e-02  -1.3736375e-01
   9.8315195e-03   4.3299949e-03  -9.7384528e-03  -1.1261451e-01  -1.6673723e-01
   9.5376161e-03   2.4001705e-03  -7.5147250e-03  -1.0999993e-01  -1.4730405e-01
  -2.8931597e-03   4.4481730e-03  -1.5550133e-03  -2.2074158e-02  -1.3963280e-01
  -5.0632485e-04   1.7178474e-03  -1.2115226e-03  -4.3454303e-03   1.5781627e-02
   1.4318485e-02  -6.8596454e-03   1.4864397e-02   3.3739168e-02  -4.8844966e-02
   2.0597596e-02  -5.1807022e-03   6.9063431e-03   2.6443396e-03  -1.8586066e-01
   1.8852643e-02  -6.2836676e-03   9.7542618e-03   2.2630517e-02  -1.1339133e-01
  -8.4981433e-05   5.0938795e-04  -4.2440652e-04  -1.0060859e-02  -5.3057964e-03
   1.7566200e-03   6.2459089e-04  -2.3812108e-03   1.4290960e-03   5.0699437e-03
   1.9309047e-03  -2.1286509e-03  -2.6398939e-03   1.0639980e-01   1.2150557e-02
   7.7268136e-03  -1.6251855e-02   5.6874017e-03   1.3382264e-01   1.7233072e-01
   1.4936217e-02  -8.7318368e-03  -9.0420203e-03   9.9898035e-02   6.2289052e-02
   4.0823782e-03   1.0051586e-03  -5.0875368e-03  -9.5041529e-03  -3.5866580e-02
   1.8164034e-03  -2.1654456e-04  -1.5998588e-03   9.4854225e-03   1.3188336e-02
   2.4744252e-02   4.1342085e-05  -2.6668946e-02  -5.6955956e-02  -1.3605731e-01
   2.8140583e-02  -6.4155149e-03  -2.3608420e-02  -1.1483352e-01  -3.2714060e-01
   2.4815935e-02  -4.3480142e-03  -2.2351274e-02  -5.4540412e-02  -1.8178056e-01
  -7.5968822e-04  -2.9151394e-03   3.6748276e-03   1.2821791e-02  -2.1608205e-02
  -2.1634725e-04  -1.0831611e-03   1.2995083e-03  -6.1717007e-04   2.4995817e-02
   3.0116301e-01  -2.7708945e-02  -1.6101784e-01  -1.4175536e-01  -1.7457151e+00
  -1.5383699e-02   7.6256774e-03  -1.9228953e-02   1.1199398e-01   1.8934358e-01
  -1.5429883e-02   7.5385557e-03  -1.9095649e-02   1.5554975e-01   3.1861209e-01
  -1.1893205e-02   6.7489114e-03  -2.1842682e-02   1.2832275e-01   2.1953939e-01
  -3.7372243e-03  -9.1804205e-04   4.6552664e-03   7.1321674e-03  -3.8324186e-02
   7.9601870e-04   6.1797701e-04  -1.4139957e-03  -2.3647609e-03   1.4419992e-02
  -2.5417235e-03   1.1632374e-02  -3.2571505e-02  -1.9480861e-03   1.6513158e-01
  -7.6634942e-03   9.8579514e-03  -2.5675312e-02   5.0568977e-03   2.5847505e-01
  -1.2110502e-02   1.1694432e-02  -2.3064786e-02  -1.3063341e-02   1.6803628e-01
  -2.2220475e-04   4.5249782e-03  -4.3027735e-03  -2.3696844e-03   3.2732546e-02
   1.1194000e-03  -1.3246368e-03   2.0523682e-04   2.5070529e-03   9.5748041e-03
  -1.7561659e-02   1.4477534e-02  -3.0633891e-02   9.7372575e-02   3.2426731e-01
  -1.0399218e-02   1.1744356e-02  -3.5063155e-02   6.7161028e-02   2.9383179e-01
  -1.7575585e-02   8.3300981e-03  -2.4472530e-02   8.5275038e-02   2.6690837e-01
  -1.4307378e-03   1.6621283e-03  -2.3139045e-04  -1.0014786e-02   4.3698132e-03
   7.1339824e-06   3.9877494e-04  -4.0590893e-04   9.2378211e-03   1.3259995e-02
  -1.5524542e-02   9.9057964e-03  -1.4640857e-02  -9.7538674e-02   1.6317425e-01
  -2.0034740e-02   6.4136911e-03  -6.6385534e-03  -8.4235270e-02   1.5727395e-01
  -1.6467264e-02   3.4826855e-03  -7.2750236e-03  -9.2992458e-02   1.7329315e-01
   2.3828438e-03  -1.4535052e-03  -9.2933856e-04   5.9311742e-04   2.1763270e-02
  -1.9830587e-03   2.5309331e-03  -5.4787446e-04  -2.0394165e-03   6.2774765e-03
  -9.5606955e-03   2.4030602e-02  -4.4936640e-02  -2.9489481e-02   3.8051147e-01
  -1.1470138e-02   3.0477343e-02  -4.9473938e-02  -5.4574047e-03   4.9684947e-01
  -1.3896046e-02   1.8461175e-02  -3.5031862e-02  -2.8105611e-02   3.7547757e-01
   7.4706523e-04   6.6719695e-03  -7.4190348e-03   6.2145782e-03   5.1724722e-02
  -4.7659925e-04  -1.7920697e-03   2.2686689e-03  -1.1462401e-02  -2.2332329e-02
  -1.5435822e-02   1.0278759e-02  -1.9892654e-02   7.7181844e-02   2.0751400e-01
  -2.8636214e-02   2.1963037e-02  -1.8376540e-02   1.1153760e-01   3.0202807e-01
  -2.3032748e-02   1.2955325e-02  -1.4972293e-02   6.9908152e-02   2.1006461e-01
   7.5865258e-03  -2.0856367e-05  -7.5656694e-03   2.9951449e-02   3.9352555e-02
  -4.0131341e-03  -3.9401517e-04   4.4071493e-03  -8.1733320e-03  -9.8118579e-03
  -9.0321778e-03  -7.5836985e-03   6.9558597e-03   7.2118724e-04   3.4301299e-02
  -1.1553249e-02  -9.9539392e-03   1.1847172e-02   1.6062443e-02   4.0862755e-02
  -1.1753099e-02  -4.5763716e-03   6.6694541e-03   1.0978596e-02   5.6008327e-02
  -3.7435092e-03  -4.1577678e-03   7.9012770e-03   1.1312705e-02   4.6809177e-02
  -3.3853545e-05   2.8591425e-03  -2.8252889e-03  -1.3169088e-02  -2.3649707e-02
  -5.3796145e-03   5.0228594e-03  -2.0915882e-02   4.0555124e-02   1.9954141e-01
  -5.5700157e-03   7.5141504e-03  -2.3216772e-02   4.8795674e-02   1.9872005e-01
  -8.0478895e-03   5.8839809e-03  -1.9108729e-02   3.3745669e-02   1.9175708e-01
   2.8606103e-03  -6.6849624e-03   3.8243521e-03  -3.5164089e-03  -2.5222980e-02
  -1.0358264e-04   2.8763913e-03  -2.7728086e-03   3.6198565e-03  -2.1305105e-03
  -1.0735211e-02   1.0020635e-02  -1.4584666e-02   3.8015006e-02   1.2464686e-01
  -1.7768954e-02   1.1926460e-02  -9.4567475e-03   7.1288616e-02   7.1172640e-02
  -1.2461949e-02   6.6063591e-03  -9.4436521e-03   3.3088975e-02   5.3972127e-02
   2.3766585e-03   2.9447021e-04  -2.6711287e-03   3.9107810e-03   9.6115201e-03
  -1.3826346e-04  -7.9871572e-04   9.3697918e-04   5.6955514e-03   4.9321503e-03
  -8.2311787e-03   5.4688574e-03  -2.1989574e-02   3.4318939e-03   1.4213111e-01
  -9.4197763e-03   1.6028447e-02  -3.1360566e-02   1.6810146e-02   2.0174925e-01
  -9.8828895e-03   1.4661953e-02  -2.9530959e-02   4.0713492e-02   2.1955233e-01
  -4.7451402e-03   7.9790524e-05   4.6653497e-03   1.6911402e-02   1.4801230e-02
   2.1672071e-03  -1.2076962e-03  -9.5951095e-04   1.2563381e-03  -6.0493463e-03
  -2.1100039e-02   2.9023653e-03  -1.0702952e-02   7.9056918e-02   1.5231092e-01
  -3.5420147e-02   1.1420278e-02  -4.9007569e-03   5.0772568e-02   1.4620550e-01
  -3.3015692e-02   8.8772841e-03  -4.7622186e-03   4.0655266e-02   1.3921099e-01
  -2.4656609e-03   2.6404439e-03  -1.7478295e-04   9.2520584e-03   1.6946782e-02
   1.1737594e-03  -2.3672648e-03   1.1935054e-03  -1.5562535e-03  -1.4007530e-02
  -1.7863125e-02  -7.2636941e-07  -6.9573765e-03   7.3455732e-02   2.4296533e-01
  -2.8357964e-02   1.2658249e-02  -9.1215137e-03   1.1075259e-01   2.9190245e-01
  -2.1897482e-02   8.1621768e-03  -1.1085922e-02   7.4076625e-02   2.4309564e-01
   4.6477950e-03   7.1484577e-03  -1.1796253e-02  -2.9126263e-03   1.3077829e-02
  -1.0991910e-03  -2.7533226e-03   3.8525136e-03   1.4733253e-02   1.9959632e-02
  -2.0235729e-02   1.8310005e-02  -3.4762660e-02   3.0079215e-02   3.3042282e-01
  -3.2228204e-02   3.2700199e-02  -3.7160380e-02   3.2513169e-02   3.7651602e-01
  -2.2838954e-02   2.1222486e-02  -3.5071916e-02   2.0418746e-02   3.1019086e-01
   2.7457566e-03  -3.6313008e-03   8.8554415e-04  -6.1752726e-03   1.1311471e-02
  -1.1489465e-03   1.6650868e-03  -5.1614021e-04   9.6997001e-04  -4.2839128e-03
  -1.6630812e-02  -7.5947119e-04   1.0358195e-02  -1.9680501e-02   4.8393713e-02
  -1.6374568e-02   1.8602804e-03   7.4822004e-03  -3.6250210e-02  -1.4439091e-02
  -1.2654645e-02   3.4815893e-03   2.1409682e-03  -1.1047830e-02   8.5755488e-02
   1.8052831e-03  -3.6731514e-03   1.8678683e-03  -2.5879065e-02  -5.3538462e-02
  -1.5420664e-03   1.5311111e-03   1.0955226e-05   2.3287122e-03   1.3705604e-02
  -1.5653990e-02   8.3839309e-03  -2.3211149e-02  -1.3328790e-02   8.2988125e-02
  -1.7423562e-02   7.4416608e-03  -2.0499307e-02  -1.7402886e-02  -2.2022631e-02
  -1.3702655e-02   5.6135221e-03  -2.2392075e-02  -1.7539962e-03   6.9014882e-02
   3.9346238e-03  -2.5181347e-03  -1.4164891e-03   2.9846952e-03  -2.8312270e-02
   8.4377328e-04  -1.7736340e-03   9.2986068e-04  -2.1446756e-03  -1.0515071e-03
  -4.8219602e-03   2.3440050e-02  -4.0881332e-02   9.2754381e-02   1.1578372e-01
  -2.2470093e-03   3.4849935e-02  -5.4866168e-02   8.7187096e-02   1.1541765e-01
  -1.0598283e-02   2.3265996e-02  -3.4930955e-02   8.3179860e-02   9.4842989e-02
   5.6459338e-03   2.1789985e-04  -5.8638337e-03   5.8240634e-03   1.5135250e-02
  -1.8698418e-03   8.3094254e-04   1.0388992e-03  -5.4898300e-03  -1.2217423e-02
  -5.6453389e-03   8.3593506e-03  -3.2754459e-02  -1.3744421e-02   1.9181603e-01
  -1.9648300e-02   1.7927859e-02  -2.8320006e-02  -4.5832308e-02   1.1794710e-01
  -2.2158587e-02   1.4969445e-02  -2.2851306e-02  -1.7837594e-02   1.3772559e-01
  -5.8585358e-03   6.4808885e-05   5.7937269e-03  -1.8307098e-02  -4.2421959e-02
   8.0859578e-05   5.5196143e-04  -6.3282101e-04   5.8991544e-03   2.3964472e-02
  -3.3768996e-03   3.4492905e-03  -3.4406502e-02   4.7933570e-02   1.1522000e-01
   2.4122066e-03   4.1048095e-03  -4.0851127e-02   3.7221304e-02   3.4337664e-02
  -1.3914698e-04   4.0768833e-03  -3.8271848e-02   6.8107215e-02   1.4088466e-01
  -2.0636488e-03  -1.6469996e-03   3.7106485e-03  -1.7373233e-02  -2.4111279e-02
   3.3421071e-04  -1.7734027e-03   1.4391920e-03  -4.6634974e-04   4.8035727e-03
  -1.4848101e-02  -1.3094302e-02   2.0367005e-02   2.7416986e-02   2.3385178e-02
  -1.2206973e-02  -2.8861056e-02   3.3492631e-02   2.1662943e-02   1.4169138e-01
  -6.8560731e-03  -1.3154047e-02   1.2434722e-02   3.5420987e-02   7.8198093e-02
  -9.9228976e-04   6.7348765e-03  -5.7425867e-03  -4.8134825e-03  -9.9625018e-03
   1.4377660e-03  -2.5654347e-03   1.1276687e-03   8.4740045e-04  -1.5614459e-02
  -1.8829320e-02   1.0504848e-02  -1.8167623e-02   1.4257823e-02   6.9079683e-02
  -1.6540282e-02   6.2763660e-03  -1.6228179e-02  -6.9168572e-03  -2.5380874e-02
  -1.9785646e-02   8.3716812e-03  -1.5078130e-02   4.0405504e-02   1.3460000e-01
   2.7223640e-03  -5.9549990e-03   3.2326350e-03   1.5011627e-02  -3.5607448e-02
  -7.7482324e-04   1.8677014e-03  -1.0928782e-03  -7.8804967e-03  -5.0095780e-04
  -3.1105362e-01   1.6375373e-01  -3.3227462e-01   6.2654422e-01   3.4116356e+00
  -1.1305977e-02  -2.0656696e-02   9.4777522e-02   9.6522060e-02  -8.5881193e-02
  -2.1535933e-02  -1.1286801e-02   9.5637583e-02   1.0569246e-01  -2.2440309e-02
  -2.0737388e-02  -1.8024658e-02   1.0157689e-01   7.7576351e-02  -1.4999265e-01
  -1.6046844e-03   5.1783983e-03  -3.5737139e-03  -6.5167040e-03  -1.6834984e-02
   9.8036821e-04  -1.5631151e-04  -8.2405669e-04  -1.2663358e-04   6.4851551e-04
  -6.4947884e-03  -1.8224757e-02   8.7036146e-02  -1.0261865e-01  -2.2877791e-01
  -9.8210861e-03  -1.0037916e-02   8.2175602e-02  -8.0501656e-02  -1.7565723e-01
  -1.3868200e-02  -1.8746209e-02   9.4931009e-02  -1.0002124e-01  -2.2424346e-01
   4.9616530e-04   2.0894729e-03  -2.5856382e-03   3.6591091e-02   6.8765564e-02
  -1.3644953e-03  -7.0488584e-05   1.4349839e-03  -6.8052797e-03  -2.9364506e-02
  -1.7557413e-02  -4.1905366e-02   1.6858131e-01  -1.4183693e-01  -2.8209775e-01
  -2.0555770e-02  -3.9181205e-02   1.6885550e-01  -1.5756098e-01  -3.5719710e-01
  -2.7275712e-02  -4.6656849e-02   1.8305109e-01  -1.5673449e-01  -3.7565759e-01
  -5.7672220e-03   3.1522385e-03   2.6149835e-03  -9.6084147e-03   2.7182651e-02
   1.2879184e-03  -5.0603125e-04  -7.8188711e-04   4.3353035e-03  -9.0305571e-03
  -3.8221876e-03  -1.4198808e-02   8.0831616e-02  -9.7487234e-02  -2.4901680e-01
  -1.2445157e-02  -2.7246233e-02   1.0250201e-01  -8.4964795e-02  -1.8606340e-01
  -7.7349763e-03  -2.5944843e-02   9.6490439e-02  -7.9354635e-02  -2.0718782e-01
  -3.4993689e-04   1.5118799e-03  -1.1619430e-03  -1.7006462e-03   4.3275274e-02
  -1.5741295e-03  -1.7369698e-03   3.3110993e-03   1.3374976e-02   1.5555642e-02
  -2.6206359e-02  -3.2148782e-02   1.3419595e-01  -6.0961581e-02  -2.9993017e-01
  -3.5658839e-02  -1.4526901e-02   1.2602655e-01  -4.9075004e-02  -2.4547360e-01
  -3.5586755e-02  -3.3884041e-02   1.4531160e-01  -7.9921218e-02  -3.3185588e-01
  -2.1674351e-03   2.7938613e-03  -6.2642619e-04  -5.1944872e-03   4.1380507e-02
   2.3108084e-03  -1.0973173e-03  -1.2134911e-03   2.3882718e-03  -6.1557935e-03
  -7.0539074e-03  -2.4880467e-02   9.1067781e-02  -2.4343976e-02  -2.3017454e-01
  -2.2906113e-02  -1.1319307e-02   9.3358827e-02  -2.1584235e-03  -1.7573800e-01
  -2.3702900e-02  -2.2280180e-02   1.0511649e-01  -4.4255768e-02  -2.4649351e-01
   1.8213517e-03  -1.8665207e-03   4.5168994e-05   1.9733430e-02   2.1213813e-02
  -1.6854212e-03  -1.1997432e-03   2.8851644e-03  -8.9129004e-03  -1.3439925e-02
   1.1638540e-02  -1.0660235e-02   4.2723280e-02  -6.6589347e-02  -9.5886588e-02
   2.0959906e-02  -1.8384295e-02   4.1125973e-02  -6.7218723e-02  -1.3768997e-01
   2.2984561e-02  -1.2138527e-02   3.2855550e-02  -6.8304297e-02  -1.0283661e-01
  -2.7780344e-03  -1.9365711e-03   4.7146055e-03  -6.4585741e-03  -1.0956930e-02
   2.2847027e-03   1.6180713e-03  -3.9027740e-03  -4.1939408e-03  -9.2986437e-03
  -5.3409715e-03  -1.2113538e-02   7.8195083e-02  -2.4675687e-02  -1.6966287e-01
   8.5085651e-04  -1.1678488e-02   7.1568206e-02  -3.0597789e-02  -1.8205644e-01
  -2.1740238e-04  -1.2763862e-02   7.3721839e-02  -3.4064324e-02  -1.4547134e-01
   5.3104315e-03   5.7092869e-03  -1.1019718e-02  -8.0044162e-03  -4.2402176e-02
  -1.8058215e-03   2.8664131e-04   1.5191802e-03  -3.8915188e-03   8.9325667e-04
   1.0367530e-03  -3.4640337e-03   4.7429871e-02   2.2095607e-02  -1.2502320e-01
  -3.2171315e-03   1.3220725e-02   3.4998997e-02   2.0821026e-02  -1.4310608e-01
  -1.5575008e-03  -6.9861579e-03   5.3546249e-02   1.2924543e-02  -1.4952460e-01
   1.1500723e-03   6.8407493e-04  -1.8341472e-03   9.3917826e-03   8.9855603e-03
  -8.2698528e-04  -2.3632969e-06   8.2934858e-04  -6.9186386e-03  -6.1936706e-03
  -9.8297966e-03  -1.9133639e-02   7.2220758e-02  -6.9185650e-02  -1.9815551e-01
  -1.1232786e-02   6.1033107e-03   4.8386797e-02  -4.3209960e-02  -1.9849400e-01
  -1.1306461e-02  -1.6795987e-02   7.1359769e-02  -6.0995370e-02  -1.7329898e-01
  -4.3632303e-04  -3.5330645e-03   3.9693875e-03   4.8699889e-03   6.1989416e-02
   1.1151271e-03  -5.9044581e-04  -5.2468131e-04   7.7025800e-03  -5.2847901e-03
  -6.8845486e-03  -3.0670243e-02   9.3499426e-02  -6.4919674e-02  -2.4074126e-01
  -2.6656286e-02  -1.5017015e-02   9.7617936e-02  -7.2063994e-02  -2.5942565e-01
  -1.9635213e-02  -2.1933917e-02   9.7513764e-02  -6.9020042e-02  -2.6303624e-01
  -4.0326939e-03   6.6271510e-03  -2.5944571e-03  -2.3678612e-02  -2.0571062e-02
   1.4800357e-03  -1.5954921e-03   1.1545647e-04   2.3653726e-03  -6.2574676e-03
  -8.8612258e-03  -2.4856704e-02   8.8722442e-02  -2.3069563e-02  -1.3192328e-01
  -2.3553753e-02  -1.5599961e-02   9.4158227e-02   1.3964329e-02  -6.8084108e-02
  -1.8260373e-02  -1.9973079e-02   9.3237965e-02  -2.7204733e-02  -1.2881827e-01
   1.9249495e-05   8.8250281e-04  -9.0175231e-04  -9.7735196e-04   2.2023716e-02
  -9.0255593e-04  -5.3578386e-04   1.4383398e-03  -1.5263977e-03  -1.2256325e-02
  -2.7264794e-02  -4.6774285e-02   1.5450184e-01  -4.7668882e-02  -3.3568392e-01
  -4.5188671e-02  -3.5770083e-02   1.6142152e-01  -1.1436326e-02  -2.6488022e-01
  -4.0358431e-02  -4.4425021e-02   1.6524622e-01  -6.0406386e-02  -3.4997397e-01
   1.2866985e-03  -4.4638039e-03   3.1771054e-03  -8.7605938e-03  -4.6420612e-02
  -8.1486621e-04   8.6181022e-04  -4.6944004e-05   6.2704443e-04  -3.0928741e-03
   7.8276458e-03  -1.5062558e-02   4.9673895e-02  -1.0228114e-01  -2.5464106e-01
   4.7863096e-03  -9.2788074e-03   4.6931481e-02  -1.1688261e-01  -3.7054911e-01
   3.5487841e-03  -1.5047313e-02   5.3937512e-02  -1.1199017e-01  -2.7519596e-01
  -2.4870042e-03  -4.2353975e-03   6.7224017e-03  -7.3162708e-03   3.2029612e-02
   5.1601512e-04   7.2474487e-04  -1.2407600e-03  -4.4390622e-03  -3.0335530e-02
  -6.7869322e-03  -2.7936297e-02   1.1989195e-01  -1.1363246e-01  -4.1780008e-01
  -5.3919057e-03  -2.2678805e-02   1.1323943e-01  -1.1743810e-01  -5.2978256e-01
  -2.9458610e-03  -2.9238861e-02   1.1735344e-01  -9.6096320e-02  -3.8062639e-01
   2.5198475e-03  -4.2282957e-03   1.7084482e-03   1.8339433e-02   3.2870613e-02
   1.1162605e-03   2.5119842e-03  -3.6282447e-03  -7.6973603e-03  -7.6025440e-03
  -2.6497949e-02  -2.5000611e-02   1.0522750e-01  -2.5798548e-02  -1.8108741e-01
  -2.5191771e-02  -7.6639250e-03   8.6584636e-02  -5.6895373e-02  -1.7802645e-01
  -2.8474445e-02  -2.7189408e-02   1.0939279e-01  -4.9915021e-02  -2.0854252e-01
   1.4532491e-03   3.1334022e-03  -4.5866513e-03  -1.2242773e-02  -3.3438441e-02
  -1.9519685e-03  -1.1925812e-03   3.1445498e-03   2.1217625e-03  -2.3714911e-03
  -1.4409934e-02  -2.0465730e-02   7.3491707e-02  -6.5929371e-02  -3.9633886e-02
  -3.4456988e-02  -9.7353569e-03   8.2808387e-02  -7.3004583e-02  -6.0258320e-03
  -4.0440263e-02  -1.4048717e-02   9.3105024e-02  -4.8014482e-02  -3.9216132e-02
  -1.0755112e-03  -9.4904937e-04   2.0245605e-03  -3.1138610e-03   1.9757390e-02
  -1.7469302e-03   7.5194473e-04   9.9498547e-04   3.1961152e-03  -8.1765908e-03
   6.4218601e-04  -1.1368109e-02   7.4880859e-02  -4.5970744e-02  -2.3625663e-01
   5.4423549e-03  -1.0490875e-02   6.9203456e-02  -7.5653489e-02  -3.5994528e-01
  -1.3522219e-03  -1.5773066e-02   8.1280224e-02  -2.3539700e-02  -2.2471840e-01
  -9.6610164e-04   1.1130518e-03  -1.4695014e-04  -8.2179107e-03  -1.1433519e-02
   1.5157714e-03   1.3053126e-04  -1.6463027e-03   7.6843907e-03   4.2488260e-03
   6.9724488e-03  -8.1522207e-03   4.0161141e-02  -2.8110481e-02  -1.7591905e-01
   1.2938033e-03  -1.3224851e-02   5.0912417e-02  -1.2880028e-02  -6.1324562e-02
   6.3383767e-03  -5.5711789e-03   3.8214171e-02   5.7367330e-03  -1.1893433e-01
  -3.2109759e-03   6.6468284e-04   2.5462930e-03  -1.6558799e-02  -1.0405200e-02
   2.5638476e-03  -2.4841810e-03  -7.9666545e-05   7.2797002e-03  -1.2346304e-02
  -1.2656828e-02  -2.9529961e-02   1.3310369e-01  -9.6048946e-02  -2.7645850e-01
  -5.1273017e-03  -3.8277606e-02   1.3432180e-01  -1.2788578e-01  -3.4432864e-01
  -2.1845091e-03  -3.0962522e-02   1.2406393e-01  -9.9187903e-02  -2.2524076e-01
   2.7633778e-03  -1.0406376e-03  -1.7227402e-03  -2.6923913e-04  -4.8103468e-02
  -1.7996370e-03   5.2460517e-04   1.2750318e-03   3.1451140e-03   1.3811766e-02
  -3.2340365e-01  -5.1676643e-01   2.0703248e+00  -1.0948270e+00  -4.5287434e+00
   4.7392182e-02   1.9327007e-02  -7.5373386e-02   3.7896187e-02   2.3804991e-02
   8.8880409e-03   4.8292095e-02  -6.5834332e-02   6.0751638e-02   1.1317149e-01
   7.0703440e-03   1.9445338e-02  -3.5169878e-02   4.7346695e-02   5.5207581e-02
  -3.8036791e-03   7.4467654e-03  -3.6430864e-03   4.8005484e-02   2.4408791e-03
   1.2158132e-03  -2.8714165e-03   1.6556033e-03   5.2249608e-03   7.5443260e-02
   4.0388391e-02   7.4659787e-03  -5.1773147e-02  -1.5510779e-02  -2.2431980e-02
   2.3970806e-02   3.0718866e-02  -5.8608449e-02   1.5427113e-02   6.5463346e-02
   1.7038692e-02   8.0392205e-03  -2.8996690e-02  -1.0474764e-02  -2.9942948e-02
  -4.7791178e-04   3.7854202e-04   9.9369755e-05   7.3920901e-02   4.4143702e-02
  -9.9265657e-05   3.5149114e-04  -2.5222549e-04   4.0571547e-03   4.8527401e-02
   7.1285251e-02   2.0787480e-02  -9.7341656e-02  -3.1718800e-02   8.5605052e-02
   5.1568370e-02   4.6510253e-02  -1.0334755e-01  -4.8970396e-02  -6.8949230e-03
   4.2901072e-02   1.4901153e-02  -6.3071151e-02  -6.5145447e-02  -1.6251214e-02
   1.6579485e-03   4.6493471e-03  -6.3072956e-03   3.7679091e-02  -3.0844313e-02
  -8.2500422e-04  -1.1322891e-03   1.9572933e-03  -5.9056433e-04   5.1540674e-02
   5.1238693e-02   2.1437155e-02  -8.5211455e-02  -9.1713358e-02  -2.5689286e-02
   1.4251434e-02   4.1377658e-02  -6.8164700e-02  -9.8818391e-02  -3.6443494e-02
   1.9159590e-02   1.6634985e-02  -4.8330182e-02  -6.7730205e-02  -1.5196768e-02
  -5.1921191e-03   2.6350671e-03   2.5570521e-03   4.8520398e-02   1.2962462e-02
   1.5203757e-03  -1.2660214e-03  -2.5435437e-04   5.1576302e-03   5.3385901e-02
   4.5427898e-02   1.2984115e-02  -6.6643068e-02   1.1833499e-02  -1.3509353e-02
   4.7332294e-03   4.9078147e-02  -6.2042431e-02   4.8682733e-02   1.1773865e-01
   3.0234432e-03   1.0202723e-02  -2.1457220e-02   1.4834725e-02   1.8584716e-02
  -5.2916563e-03   2.4887880e-04   5.0427775e-03   4.9536879e-02   2.1577993e-02
   3.2275327e-03   1.2530620e-04  -3.3528389e-03   6.8278379e-03   5.6220850e-02
   4.1951021e-02   1.5064401e-02  -7.4039584e-02  -8.1816700e-02   8.3691151e-02
   4.6722742e-03   5.1062810e-02  -7.2759246e-02  -4.5483722e-02   1.6352703e-01
   7.7043661e-04   2.0909997e-02  -3.8704595e-02  -7.7165418e-02   1.1621520e-01
  -2.6443296e-03   2.7835064e-03  -1.3917683e-04   3.9843025e-02   1.1954619e-02
   1.5601586e-03  -1.2659999e-03  -2.9415880e-04   1.1476988e-03   3.1058626e-02
   4.9145764e-02   1.0038437e-02  -6.0419754e-02   9.2028954e-02  -9.8224072e-02
   5.3088441e-02   2.5814759e-02  -8.0138753e-02   9.6144650e-02  -1.1411157e-01
   5.3154065e-02   1.1016778e-02  -6.5406397e-02   1.1373768e-01  -4.6781317e-02
   8.7886128e-04  -1.6509078e-03   7.7204648e-04   4.4530688e-02  -2.5620815e-02
   7.3876498e-04  -7.3182712e-04  -6.9378553e-06   3.9650174e-03   5.8539095e-02
   3.8445152e-02   1.0785513e-02  -5.2070596e-02  -1.8402526e-02  -4.6416211e-02
   3.1198244e-02   2.9397556e-02  -6.3435731e-02  -6.3145434e-02  -1.5374845e-01
   2.9878428e-02   1.3054166e-02  -4.5772526e-02  -3.2456967e-02  -4.7623024e-02
  -2.7707751e-03   2.8215738e-03  -5.0798765e-05   6.2832526e-02  -8.0017179e-03
   8.3746871e-04  -2.3243751e-03   1.4869064e-03  -4.0074823e-03   5.8774686e-02
   4.0309922e-02   1.5435164e-02  -5.9169922e-02   1.0940804e-01   9.1502209e-02
   1.8199194e-02   3.4565741e-02  -5.6189770e-02   8.2954970e-02   6.6799389e-02
   2.4410280e-02   7.9679996e-03  -3.5803114e-02   9.5397588e-02   8.5401848e-02
  -6.2880702e-04   6.1566973e-03  -5.5278903e-03   6.3631903e-02  -8.7371249e-03
   1.2214296e-03  -2.5248490e-03   1.3034194e-03  -9.9804899e-03   4.7082368e-02
   3.5154313e-02   7.0133017e-03  -4.9439898e-02   2.0542868e-02   7.6134531e-03
   7.9167268e-03   5.0555701e-02  -6.5744711e-02  -6.0656556e-03  -1.1665586e-02
   6.1154765e-03   1.0494146e-02  -2.3881906e-02  -2.7398839e-03  -1.3989488e-02
   2.0320733e-03  -1.1353399e-03  -8.9673338e-04   4.4757035e-02  -6.5072023e-03
   8.9423616e-04   6.1637822e-04  -1.5106144e-03   5.8971033e-03   7.7517108e-02
   5.0977697e-02   1.4722804e-02  -9.1335167e-02   3.3440493e-02   1.0241315e-01
   1.4828856e-02   4.0727433e-02  -8.1190954e-02   4.4519434e-02   1.5003608e-01
   1.8500116e-02   1.7502306e-02  -6.1637087e-02   2.2829699e-02   1.1335277e-01
  -1.2503047e-04   5.2868063e-03  -5.1617758e-03   3.1298074e-02  -5.3505857e-02
   1.5401774e-04  -1.6315022e-04   9.1324712e-06   2.3117832e-03   5.7351376e-02
   4.2237966e-02   7.0268554e-03  -6.7980672e-02   7.8757524e-03   7.1402444e-02
   4.3318974e-03   4.6058594e-02  -6.9106342e-02   2.5002917e-02   9.1485950e-02
   5.5169101e-03   1.3027290e-02  -3.7260051e-02   7.7612158e-03   8.4768389e-02
   3.9909077e-04  -5.0821451e-04   1.0912374e-04   5.6221296e-02  -9.2524205e-03
   7.9728950e-04   2.0142306e-03  -2.8115201e-03  -2.3217632e-04   5.8874751e-02
   6.3463064e-02   1.2961264e-02  -9.3674366e-02   1.9172120e-02   5.8584041e-02
   3.4899998e-02   3.9938058e-02  -9.2088095e-02   2.1062160e-02   4.3603084e-02
   3.5973076e-02   1.6058835e-02  -6.9281949e-02   9.7039538e-03  -2.2248849e-02
  -2.7403538e-03   3.2576483e-03  -5.1729454e-04   4.1508936e-02  -5.3823415e-02
  -1.7262773e-04  -8.0576511e-04   9.7839285e-04  -4.0441290e-04   6.9283925e-02
   3.8297181e-02   8.9338449e-03  -6.6182453e-02   1.0742351e-02   6.6721903e-02
   1.5646253e-02   2.9351661e-02  -6.3949341e-02  -1.9881011e-03   3.7069222e-02
   1.3897375e-02   6.0109666e-03  -3.8859768e-02   1.3338027e-02   1.0288752e-01
  -1.8720023e-03   4.7798421e-03  -2.9078399e-03   6.1033535e-02   3.1212286e-02
  -1.7950453e-04  -2.1904562e-03   2.3699607e-03  -2.6374416e-03   3.9942648e-02
   6.7343648e-02   1.4132334e-02  -8.9250185e-02   3.8361971e-02  -8.2585814e-02
   4.9768109e-02   5.2090800e-02  -1.0963311e-01   6.7297345e-02  -1.1557195e-01
   5.0170878e-02   1.0113944e-02  -6.8059025e-02   5.0737646e-02  -2.4300603e-02
   2.1377053e-04  -2.0304522e-04  -1.0725314e-05   5.5246074e-02   1.3481586e-02
   8.8169264e-04  -4.5331425e-05  -8.3636122e-04   1.3991437e-02   7.1386725e-02
   2.9266472e-02   1.1416418e-02  -3.2491536e-02  -4.9874284e-03  -1.8360071e-02
   3.8698531e-03   3.5906492e-02  -3.1584992e-02  -2.1027236e-02  -2.5274922e-02
  -6.1875712e-03  -6.9970262e-04   1.5078627e-02  -1.7004395e-02  -1.9848412e-02
   5.3820702e-04   3.7117779e-03  -4.2499849e-03   3.9159932e-02  -4.5506759e-02
  -6.3000870e-04  -8.3861880e-04   1.4686275e-03   4.2297619e-03   7.8367616e-02
   3.6859947e-02   1.1207708e-02  -4.4880370e-02  -2.0926547e-03   7.5100948e-02
   7.7245462e-03   4.1720496e-02  -4.6257758e-02  -3.5404075e-02   2.9330166e-02
   2.9747538e-03   6.6890563e-03  -6.4765255e-03  -1.0840429e-02   4.0657139e-02
   2.6294845e-04  -4.2276274e-03   3.9646790e-03   5.4114464e-02  -4.5279716e-02
  -8.4491293e-04   2.1149886e-03  -1.2700756e-03  -6.8405236e-03   6.2642421e-02
   4.2100445e-02   1.6209002e-02  -5.2031322e-02   2.7662236e-02  -5.8909092e-02
   3.9195927e-02   1.9044638e-02  -5.1962440e-02  -2.9045016e-03  -2.2326097e-01
   3.2486634e-02   1.1998316e-02  -3.8206825e-02   3.0966215e-02  -1.6438878e-01
  -2.8185054e-03  -4.6502643e-03   7.4687696e-03   3.8923897e-02  -3.6028916e-02
   1.0648828e-03   1.0125125e-03  -2.0773954e-03   4.5485456e-03   7.7306780e-02
   3.9060617e-02   1.8196632e-02  -6.5658706e-02   9.6442043e-02   1.3773963e-01
   7.9069829e-03   2.8171303e-02  -4.4479743e-02   1.3830752e-01   2.9545508e-01
   7.0878600e-03   1.7663750e-02  -3.3153067e-02   1.2936315e-01   1.6478762e-01
   5.4795597e-03  -8.4396342e-03   2.9600745e-03   6.2117126e-02  -8.4341954e-04
  -2.3594868e-04   1.0791929e-03  -8.4324424e-04  -6.6241806e-03   3.8639426e-02
   6.5592273e-02   2.2972632e-02  -9.9011290e-02  -4.9840566e-02  -8.3335452e-02
   4.0869867e-02   3.6685401e-02  -8.8001652e-02  -7.7304578e-02  -1.9362666e-01
   4.9587262e-02   2.2166244e-02  -8.2199890e-02  -2.1767639e-02  -4.7910337e-03
   3.1107342e-03  -2.6074981e-03  -5.0323614e-04   2.8753988e-02  -5.9110057e-02
  -1.4017867e-03   8.0450829e-04   5.9727841e-04   5.7406707e-03   8.4781389e-02
   9.2186170e-03  -7.4134539e-02   2.3232885e-02   6.5284619e-02   1.3349465e-02
   5.5126570e-03   1.8367195e-02  -2.2898441e-02   7.6518114e-02   2.5219092e-01
  -1.1582455e-04   2.1366105e-02  -2.0268870e-02   6.6152547e-02   3.2310647e-01
  -2.8768074e-03   1.7248832e-02  -1.3390614e-02   6.3480751e-02   2.7705858e-01
   2.6206379e-03   3.0654889e-03  -5.6861268e-03  -1.7276235e-02  -2.5665712e-02
  -1.5424401e-04  -8.2848324e-04   9.8272725e-04   4.4003361e-03   1.0018948e-02
   8.9278114e-03   1.9185515e-02  -3.5842190e-02   7.9934993e-02   2.3538987e-01
   1.0435296e-02   2.7913074e-02  -4.6077234e-02   9.2751689e-02   3.4194219e-01
   2.7255024e-03   2.2012824e-02  -3.2467190e-02   7.0637236e-02   2.3523865e-01
   1.7041693e-03   3.3575699e-03  -5.0617392e-03   4.1170231e-03   4.3418188e-02
   8.0241432e-04  -1.7895924e-03   9.8717810e-04   1.7872027e-04  -2.5723139e-02
   1.7497732e-03   2.5649242e-02  -1.7397740e-02   5.4739628e-02   3.3768554e-01
   5.9270943e-04   2.6256436e-02  -1.6847870e-02   3.0760707e-02   2.5601998e-01
  -8.0564205e-03   2.0338990e-02  -2.2812942e-03   3.6139241e-02   2.8948220e-01
   3.1653116e-03  -2.5597787e-03  -6.0553287e-04   1.2210329e-03  -4.7494849e-02
   6.8238561e-04   1.5089096e-03  -2.1912952e-03  -9.4598790e-03   1.6637574e-03
   4.0750160e-03   1.4145864e-02  -2.5917087e-02   4.0668637e-02   5.2447265e-02
  -7.4379184e-03   1.9094543e-02  -1.9352831e-02   3.4539822e-02   5.2359212e-02
   6.8763373e-04   1.9363927e-02  -2.7747768e-02   4.0459739e-02   6.3722600e-02
  -1.7677456e-03   1.6949525e-03   7.2793122e-05   1.1319114e-02   3.5920151e-02
  -1.1309031e-04  -7.9151478e-04   9.0460509e-04  -9.3650594e-03  -3.3208469e-02
  -7.5820309e-03   1.8023606e-02  -2.2704940e-02   5.7864263e-02   1.9458121e-01
  -2.5776418e-02   2.5853085e-02  -1.2340032e-02   7.1155688e-02   2.5812886e-01
  -2.7511413e-02   2.1163262e-02  -5.9152147e-03   6.3440963e-02   2.0413677e-01
  -6.0314937e-03   2.3632435e-03   3.6682501e-03  -1.0262519e-02   2.0444577e-02
   2.6685550e-03  -1.3989570e-03  -1.2695980e-03   6.5361136e-03  -9.0091560e-04
  -1.7607548e-02   9.1045217e-03  -2.2846670e-03   1.3427428e-03   1.5912011e-01
  -3.3396003e-02   3.6275176e-02  -1.3666866e-02   5.6725975e-02   2.7494922e-01
  -2.6340499e-02   1.1606738e-02   3.9460676e-03   4.2401052e-02   2.5191481e-01
  -3.6161412e-03  -5.8107696e-04   4.1972182e-03   3.9846321e-03   3.2590015e-02
   1.7648981e-03   4.4543655e-04  -2.2103346e-03  -2.0153271e-03  -1.7794833e-02
   3.1553469e-03   2.2902159e-02  -2.4472479e-02  -4.2275067e-03   4.3583718e-02
   1.7219680e-02   1.9644728e-02  -3.5279380e-02   4.2241108e-03   8.7667110e-02
   2.0507418e-02   1.7688865e-02  -3.6611256e-02   3.1529652e-02   1.0360216e-01
  -3.8173392e-03   1.6201307e-03   2.1972085e-03  -3.9770889e-03   5.0291175e-02
   1.5550054e-03   6.4833854e-05  -1.6198393e-03  -2.8808454e-04  -3.5817554e-02
   1.5258318e-02   1.4876141e-02  -2.8542960e-02  -6.2022645e-02   1.5400578e-01
   2.9933120e-02   1.7551979e-02  -4.5893599e-02  -1.0918918e-01   6.2882789e-02
   2.7148455e-02   2.4109491e-02  -4.9666446e-02  -7.7650138e-02   1.3681893e-01
   7.0582644e-05   8.4385770e-04  -9.1444034e-04   1.8670945e-02   2.3289894e-03
   8.7204217e-04  -8.5664415e-04  -1.5398017e-05   3.4355514e-03   1.1951071e-02
   9.8742061e-03   2.0932037e-02  -3.7693128e-02   1.3853133e-01   2.0354106e-01
   1.8339541e-04   2.7702106e-02  -3.4772387e-02   1.3701024e-01   2.5511992e-01
   7.0961399e-03   1.9933427e-02  -3.3916452e-02   1.3331748e-01   2.3113176e-01
  -4.2889492e-03  -7.2371510e-03   1.1526100e-02  -8.8141458e-03  -4.3603774e-02
  -3.4018497e-04   7.1249665e-04  -3.7231168e-04   9.2709211e-03   2.1847724e-02
  -4.1607560e-03   5.8873027e-03  -4.5679944e-03   5.6746204e-02   1.4920393e-01
  -7.4047660e-03   2.3890484e-02  -1.9327166e-02   7.5571634e-02   2.0654084e-01
  -9.2368749e-03   1.1228754e-02  -4.8333263e-03   4.4156635e-02   1.1159730e-01
   5.4717276e-03  -1.2907788e-03  -4.1809488e-03   7.4032363e-03   1.4415275e-02
  -1.3104652e-03   7.8339754e-04   5.2706765e-04   2.8936703e-03  -1.0795508e-02
  -1.7725275e-02   8.5822951e-03  -5.8188653e-03   8.4027824e-02   2.1805972e-01
  -4.1210660e-02   3.3325007e-02  -7.0761927e-03   1.0200255e-01   2.6720470e-01
  -3.2274081e-02   1.4255845e-02   3.0563903e-03   6.4139901e-02   2.2796842e-01
  -1.8641311e-04   1.5657848e-03  -1.3793717e-03   2.7985462e-03  -2.8229936e-02
   1.2525117e-03  -4.2578167e-04  -8.2673008e-04  -1.6851136e-03  -4.4035055e-03
   4.3949456e-04   1.3274774e-02  -2.0799251e-02   5.5428099e-02   1.9740266e-01
  -1.1603314e-02   2.6283178e-02  -2.1764845e-02   7.3902615e-02   1.4841097e-01
  -9.6604656e-03   1.6091655e-02  -1.3516171e-02   5.0193682e-02   1.5513963e-01
   1.7255757e-03   4.6928469e-03  -6.4184226e-03   2.0123881e-02   4.6315750e-02
  -1.9033938e-03  -5.8709745e-04   2.4904913e-03  -1.3401307e-02  -4.4710660e-02
  -5.0797641e-03   1.7848352e-02  -3.5096520e-02   2.1673911e-02   2.2985178e-01
  -1.4619169e-02   2.0450239e-02  -2.8159002e-02   3.7148277e-02   2.4234134e-01
  -1.2370343e-02   2.0778693e-02  -3.0736282e-02   3.5630791e-02   2.5505897e-01
   2.9257507e-03   9.3037587e-03  -1.2229509e-02  -4.9300342e-03   3.6338321e-02
  -1.7182801e-03  -1.4443910e-03   3.1626710e-03  -1.9511415e-03  -2.0915568e-02
  -1.3445237e-02   1.0576018e-02   3.0265518e-03   1.0017103e-01   1.3286723e-01
  -1.8340370e-02   1.6173693e-02   2.3240100e-03   1.0332966e-01   7.9960238e-02
  -1.9021411e-02   1.5604676e-02   3.5740678e-03   9.0924697e-02   1.1363609e-01
  -2.0595237e-03  -7.0267617e-04   2.7621998e-03   5.0784393e-03  -1.2004342e-02
  -9.0589846e-04  -1.8257109e-04   1.0884696e-03  -4.6475668e-03  -2.0653223e-02
   1.6919759e-02   2.2832740e-02  -4.6349914e-02  -5.1377073e-02   1.6237383e-01
   1.7039303e-02   3.6949669e-02  -6.0586387e-02  -4.6164616e-02   8.7291589e-02
   1.9460216e-02   2.7150081e-02  -5.3207712e-02  -3.4315705e-02   1.8457849e-01
  -1.3073744e-03  -7.6357821e-04   2.0709526e-03   9.3484742e-04   2.7760642e-02
  -8.3086841e-04  -2.8802759e-04   1.1188960e-03   2.4972596e-03   5.4073394e-03
   3.6616903e-04   2.0667769e-02  -2.9063660e-02  -3.9608105e-03   1.9588932e-01
  -7.7105411e-03   1.4593113e-02  -1.4912294e-02  -1.5859255e-03   2.1046737e-01
  -1.5403134e-02   1.5270129e-02  -7.8967170e-03   2.3890355e-02   2.1647891e-01
  -3.1370928e-03   5.1446817e-04   2.6226246e-03   1.5302311e-03  -2.0887558e-02
   2.9268709e-04   1.4272808e-03  -1.7199679e-03  -1.9611207e-03   1.8561283e-02
   4.4769072e-03   1.6691088e-02  -3.4119561e-02  -1.1422227e-02   1.9435701e-01
  -8.1430540e-03   2.5420035e-02  -3.0228547e-02  -3.0704176e-02   1.9552159e-01
  -7.9397673e-03   1.7330707e-02  -2.2342506e-02  -2.9548365e-02   1.3106348e-01
  -1.4968077e-03   3.0449669e-03  -1.5481592e-03  -6.6993160e-03  -6.2221527e-03
   1.1625599e-03  -9.6393340e-04  -1.9862647e-04   8.3151686e-03   5.4927021e-03
   7.8089660e-03   1.9102069e-02  -1.9618110e-02   8.0411515e-04   1.7955739e-01
   1.8164009e-02   7.7076657e-03  -1.8578750e-02  -2.7500406e-02   5.7051203e-02
   1.3500465e-02   9.7336388e-03  -1.5941179e-02  -1.7525145e-03   1.4727146e-01
   8.8725792e-04   5.4504077e-04  -1.4322987e-03  -1.2728195e-02   3.4733334e-03
  -4.3004156e-04   9.6080346e-04  -5.3076190e-04   1.0352926e-02   2.0072601e-02
  -5.2200613e-03   9.1809834e-03   2.6716262e-04  -6.1747690e-04   1.5835629e-01
  -7.6873128e-03   1.0378951e-02   1.5364466e-03   4.1572527e-02   2.8307781e-01
  -7.7059888e-03   1.5572518e-03   1.0376822e-02  -2.0063632e-03   1.5816652e-01
  -5.0232304e-04  -2.6727591e-03   3.1750821e-03   3.3280776e-03   2.2672046e-02
  -1.0327945e-03  -5.2890994e-05   1.0856854e-03  -6.6928392e-03  -2.1462054e-02
  -7.0879076e-03   2.6525385e-02  -3.0008132e-02   4.5160528e-02   3.2697120e-01
  -2.2548959e-02   2.3746618e-02  -1.1768314e-02   7.6516861e-02   2.7945031e-01
  -1.9501968e-02   2.5067177e-02  -1.6135863e-02   7.2655281e-02   3.5455861e-01
  -5.3777010e-04  -6.8058847e-04   1.2183586e-03  -1.6091887e-02   6.8561386e-03
   2.0864182e-04  -1.2851914e-03   1.0765496e-03  -2.9133112e-03   1.0103086e-03
  -2.1336405e-01   2.7186708e-01  -1.6339405e-01   7.1791573e-01   3.6043680e+00
  -1.9230099e-02  -3.3341427e-02   8.8771915e-02  -8.4338989e-02  -2.5294415e-01
  -3.7759625e-02  -3.3373421e-02   1.0733343e-01  -1.0210901e-01  -2.5071381e-01
  -3.4779267e-02  -2.8465744e-02   9.9445400e-02  -9.1544618e-02  -2.3547907e-01
  -7.9601953e-04  -1.3907742e-03   2.1867937e-03   1.4265278e-02   8.2712306e-03
  -1.2220362e-03   2.6064808e-04   9.6138812e-04   1.4224447e-03   1.4455409e-02
  -1.1941281e-02  -2.2001651e-02   7.1164772e-02  -6.9468485e-02  -1.8229825e-01
  -3.8686539e-03  -1.4801180e-02   5.5891675e-02  -5.7532973e-02  -1.9731454e-02
  -1.4497203e-02  -2.0177766e-02   7.1896808e-02  -6.6503686e-02  -1.4370539e-01
   1.2535930e-03  -1.7554457e-03   5.0185273e-04  -3.9900133e-03   2.4535536e-04
  -8.9785315e-04   7.5195219e-04   1.4590096e-04   3.0850450e-03   1.0280443e-02
  -2.0784178e-02  -4.2399135e-02   1.2987913e-01   9.4210716e-03  -1.8439166e-01
  -1.6742860e-02  -5.4734320e-02   1.3817299e-01  -1.9511777e-02  -3.0855679e-01
  -2.1485632e-02  -4.7260047e-02   1.3544149e-01  -1.2262581e-02  -2.5550318e-01
   8.0464364e-04   5.0642837e-04  -1.3110720e-03  -6.9189870e-03   4.9294483e-03
   3.5822186e-04   2.4147872e-04  -5.9970057e-04  -4.0534218e-03   4.7491273e-03
  -2.6651031e-02  -2.4093839e-02   7.1350640e-02  -3.6788139e-03  -2.1067632e-01
  -3.5542076e-02  -1.6922519e-02   7.3070364e-02   1.4300353e-02  -1.9396165e-01
  -2.7501273e-02  -2.1368340e-02   6.9475382e-02   2.0139520e-03  -1.8031238e-01
  -2.2715326e-03  -3.2795318e-03   5.5510644e-03  -8.6692773e-03   1.0977434e-02
   9.7434762e-04   2.3030897e-03  -3.2774373e-03   1.7339943e-03   8.3480309e-03
  -1.8149315e-02  -3.2417433e-02   9.8937306e-02  -7.9314459e-02  -3.2337327e-01
  -2.2672442e-02  -2.3405690e-02   9.4448690e-02  -5.6669272e-02  -1.8983647e-01
  -2.5503630e-02  -2.3329050e-02   9.7203237e-02  -5.5497098e-02  -2.3123042e-01
   7.7131839e-04   7.9847629e-04  -1.5697947e-03   1.0306286e-02  -3.0516884e-04
   1.1268559e-03  -3.1635112e-04  -8.1050474e-04   1.1212908e-02   2.4108835e-02
  -2.2434119e-02  -2.9678205e-02   1.0183567e-01  -8.2010098e-02  -3.1006870e-01
  -3.7972120e-02  -2.8204224e-02   1.1589969e-01  -6.5714641e-02  -2.5786121e-01
  -3.4406099e-02  -3.2280344e-02   1.1640979e-01  -7.7571164e-02  -2.9131498e-01
  -1.6093708e-03  -4.9394491e-03   6.5488199e-03   2.4422437e-03   2.6073003e-03
   9.2378191e-04   3.7182562e-03  -4.6420381e-03  -1.4390990e-03  -9.1849373e-06
  -1.7822514e-02  -2.3664325e-02   7.2774980e-02  -1.0094493e-01  -3.4357244e-01
  -1.2138868e-02  -2.6090856e-02   6.9517864e-02  -1.4615110e-01  -3.5661514e-01
  -2.7453982e-03  -2.6576768e-02   6.0610306e-02  -1.0261779e-01  -2.9147822e-01
   3.6278341e-03   1.0163346e-03  -4.6441687e-03  -8.6126380e-03   9.0140510e-03
   1.1712728e-03  -1.6838945e-03   5.1262164e-04  -4.8005705e-04  -4.6519236e-03
  -1.7674533e-02  -2.1030397e-02   5.5351409e-02  -1.0839410e-01  -2.3737823e-02
  -1.3176546e-02  -8.9925834e-03   3.8815608e-02  -1.2002030e-01  -6.9445909e-02
  -1.1355606e-02  -1.8095872e-02   4.6097957e-02  -1.0240570e-01  -3.6854622e-02
   6.8030043e-03  -4.5177292e-04  -6.3512313e-03   4.6363162e-03  -3.5180302e-02
  -1.6874433e-03  -3.0521349e-04   1.9926568e-03   1.5683801e-03   1.0953260e-02
  -1.5138679e-02  -1.8859509e-02   5.9040311e-02   1.1865938e-02  -2.7567242e-02
  -2.2548246e-02  -2.1911603e-02   6.9501971e-02   2.6883670e-02   4.4678882e-02
  -2.0326040e-02  -2.3569050e-02   6.8937213e-02   1.3523217e-02  -6.8309105e-02
  -1.9885088e-03  -8.2674940e-03   1.0256003e-02  -7.4650057e-03  -4.2384790e-02
  -8.5395947e-04   3.0377073e-03  -2.1837478e-03   4.0295850e-03   3.5646018e-03
  -5.3588999e-03  -2.4626320e-02   7.0323386e-02  -1.7579979e-03  -6.4170274e-02
  -1.4497231e-02  -1.4123478e-02   6.8958876e-02   1.2452253e-02  -1.0120076e-01
  -1.6689744e-02  -1.7753318e-02   7.4781229e-02  -3.3841349e-02  -1.1955201e-01
   3.6957718e-03  -1.7637218e-04  -3.5193996e-03   2.9341782e-02   5.7998054e-02
  -1.6661230e-03   3.5206330e-04   1.3140597e-03  -4.4226275e-03  -2.2644482e-02
  -2.8614411e-02  -3.1720260e-02   1.1017314e-01  -2.6971861e-02  -2.7402477e-01
  -5.0049266e-02  -1.3584883e-03   1.0124622e-01  -1.0447851e-02  -2.2659604e-01
  -4.3961540e-02  -2.4908274e-02   1.1870828e-01  -5.7628209e-02  -2.9332897e-01
   2.5860856e-03   4.8062499e-03  -7.3923355e-03  -1.9616730e-02  -5.2901309e-02
  -1.0753651e-03  -1.4433991e-03   2.5187642e-03   3.0098622e-04  -1.3203473e-03
  -1.9270910e-02  -3.4605487e-02   9.0113596e-02  -1.0848225e-01  -2.3319499e-01
  -2.6933311e-02  -3.3457020e-02   9.6627530e-02  -1.0589346e-01  -2.6671524e-01
  -2.8465764e-02  -2.9359605e-02   9.4062568e-02  -9.8082277e-02  -2.2232083e-01
   1.4036415e-03  -2.0286542e-03   6.2501262e-04   3.4461843e-03  -2.4105035e-02
  -2.4594250e-03   2.6799565e-04   2.1914293e-03   4.7341747e-03   1.0655426e-02
  -2.4711158e-02  -3.4078039e-02   1.2574756e-01  -1.7598814e-01  -2.9485185e-01
  -3.0356459e-02  -3.2867957e-02   1.3018277e-01  -1.6614243e-01  -2.7649695e-01
  -2.4063306e-02  -3.9572590e-02   1.3059425e-01  -1.7115075e-01  -2.5755138e-01
  -1.7182059e-03   2.3442939e-03  -6.2608800e-04   8.8664999e-03   2.0600303e-02
  -5.2492593e-04   2.6284503e-04   2.6208091e-04  -1.3647626e-02  -2.0192901e-02
  -1.1565106e-02  -2.7190235e-02   7.9899823e-02  -3.0920999e-02  -1.4964789e-01
  -1.4855116e-02  -2.6313044e-02   8.2312642e-02  -1.1388681e-02  -1.3660633e-01
  -1.5486090e-02  -2.2249545e-02   7.8880117e-02  -2.3869825e-02  -1.6672868e-01
   3.9971319e-03  -1.1331229e-04  -3.8838196e-03  -2.1278887e-02  -4.8374014e-02
  -9.8493710e-04   2.8112649e-04   7.0381061e-04  -3.3258710e-03  -1.4697370e-02
  -2.2386243e-02  -3.8461373e-02   9.6483091e-02  -5.4959498e-02  -2.7796447e-01
  -2.1800513e-02  -3.4568674e-02   9.2004662e-02  -8.0354556e-02  -3.9274489e-01
  -2.2250496e-02  -3.1624067e-02   8.9510038e-02  -6.1132332e-02  -2.7963137e-01
  -2.1660413e-04   3.2974708e-03  -3.0808667e-03  -2.2985039e-03   2.3898770e-02
   5.8914458e-04  -7.4982026e-04   1.6067568e-04   7.1364754e-03   2.2435537e-02
  -1.6599225e-02  -1.7844329e-02   6.8635806e-02   9.0863809e-02  -2.0944564e-01
  -1.8769900e-02  -2.2884974e-02   7.5847125e-02   8.8660651e-02  -1.9422710e-01
  -2.3263042e-02  -2.2403500e-02   7.9858794e-02   9.2065314e-02  -2.0189506e-01
  -1.8529185e-03  -3.1413500e-03   4.9942686e-03   1.5635716e-03  -1.1559499e-02
  -7.4210444e-04   3.3261221e-04   4.0949224e-04  -2.1379491e-03  -2.1565271e-03
  -1.5152809e-02  -2.4799560e-02   6.8973443e-02  -8.1314316e-02  -6.1204261e-02
  -2.3498291e-02  -2.0798818e-02   7.3318184e-02  -7.7155571e-02  -3.4442312e-02
  -2.1427693e-02  -1.9169869e-02   6.9618637e-02  -7.5422686e-02  -1.1855854e-01
   1.6961258e-03   2.5425147e-03  -4.2386405e-03   1.7717285e-02   3.1258542e-02
  -8.9882009e-04  -7.5600359e-04   1.6548237e-03  -3.9831771e-03  -1.0011852e-02
  -8.0569184e-03  -2.8574045e-02   6.8308836e-02  -1.0319126e-01  -2.7874051e-01
  -5.0381985e-03  -3.1919598e-02   6.8635669e-02  -1.0977432e-01  -3.0203123e-01
  -8.2535737e-03  -3.2893143e-02   7.2824590e-02  -8.5707083e-02  -2.7416233e-01
   3.2774180e-03   2.1996702e-03  -5.4770882e-03  -9.4752941e-03   5.1699045e-03
  -9.0792365e-05  -1.8578205e-03   1.9486128e-03   1.1868621e-02   1.7848257e-02
  -1.7150546e-02  -2.1340331e-02   6.2644106e-02  -4.0036198e-02  -1.4665451e-01
  -1.9022370e-02  -2.5237850e-02   6.8413450e-02  -2.8482264e-02  -3.5708439e-02
  -1.4386125e-02  -2.8104660e-02   6.6644014e-02  -5.0897754e-02  -1.2869958e-01
   2.8734792e-03  -2.2051050e-03  -6.6837416e-04   1.4380568e-02   4.6830065e-02
  -9.7213112e-04   1.8229104e-03  -8.5077932e-04  -2.1721337e-03  -2.2508121e-02
  -2.6740980e-02  -3.4757793e-02   1.3120493e-01   2.4423945e-02  -2.6829107e-01
  -3.3180633e-02  -3.0571306e-02   1.3345809e-01   2.0202196e-02  -3.7377083e-01
  -3.1910765e-02  -3.7771108e-02   1.3938803e-01   1.7198775e-02  -2.6756291e-01
  -3.5182537e-03   2.5171136e-04   3.2665424e-03  -1.4173557e-02  -3.3937746e-02
   6.1024791e-04  -1.6081763e-03   9.9792835e-04  -6.7789695e-03  -5.6169686e-04
  -4.1453971e-01  -5.3894142e-01   1.7441783e+00  -9.9580957e-01  -4.0073450e+00
   1.8401543e-02   1.5055426e-02  -5.6689781e-02   3.4221995e-02   1.6171066e-01
   4.7175764e-03   2.3700806e-02  -5.1651195e-02   3.6291074e-02   1.7144899e-01
   1.3139574e-02   2.0942747e-02  -5.7315134e-02   5.4911722e-02   1.5128566e-01
  -1.1369238e-03  -3.9297701e-03   5.0666939e-03   1.8734732e-03  -2.6895160e-02
   7.7357096e-04  -2.5808174e-04  -5.1548921e-04   4.4764570e-03   3.4036515e-02
   1.6872386e-02   1.1345686e-02  -3.4017773e-02   5.9223514e-02   1.9152037e-01
   2.0274806e-02   7.6422452e-03  -3.3716754e-02   5.7574135e-02   2.6965872e-01
   2.1563774e-02   8.7288388e-03  -3.6092315e-02   6.0836212e-02   2.1199389e-01
   6.5120234e-05  -1.5932597e-03   1.5281395e-03   2.1149095e-02   8.9172750e-02
  -2.6656511e-03   2.4471790e-04   2.4209332e-03  -1.9494018e-04  -2.6870192e-02
   3.3234626e-02   3.4604202e-02  -9.6418692e-02   7.6788808e-02   2.6090922e-01
   2.7142304e-02   2.9890418e-02  -8.5612586e-02   6.8178526e-02   1.7897774e-01
   2.8133522e-02   2.9140440e-02  -8.5853825e-02   5.5669974e-02   1.8452208e-01
   9.0232406e-04  -7.7045326e-03   6.8022086e-03  -3.3906128e-03   8.6478777e-03
  -5.1290856e-05   2.6528461e-03  -2.6015552e-03   4.4099549e-03   2.4169862e-02
   9.2083458e-03   6.3865006e-03  -1.9754234e-02  -8.1027130e-03  -7.8987230e-02
  -2.4908812e-03   1.0292888e-02  -1.1961394e-02  -9.1730473e-03  -8.0577696e-02
   8.1000912e-03   1.0573750e-02  -2.2833228e-02   2.0709010e-02  -7.3584153e-02
  -2.6674731e-03   2.6408620e-03   2.6611085e-05  -7.3910549e-03  -3.2500479e-03
   2.6442976e-03  -1.4321920e-03  -1.2121056e-03   1.3696805e-02  -9.6448002e-04
   2.9600291e-02   1.5452803e-02  -6.3658039e-02   4.1363595e-02   2.2006844e-01
   2.7727209e-02   1.3725847e-02  -6.0058000e-02   7.4892461e-02   3.1036072e-01
   2.3332686e-02   2.4741606e-02  -6.6679237e-02   6.2260924e-02   2.6301290e-01
   2.1353187e-03   1.6911692e-03  -3.8264878e-03  -1.8295713e-02  -1.7516830e-02
  -1.3574402e-03  -8.8210799e-04   2.2395482e-03   1.1048356e-02   6.4614677e-05
   2.6681826e-02   2.6094616e-02  -6.4726493e-02   6.9542353e-02   1.8742456e-01
   2.0533095e-02   3.0216024e-02  -6.2699170e-02   2.8299008e-02   1.2347877e-01
   2.5825883e-02   2.8555289e-02  -6.6331224e-02   5.1385402e-02   1.8763740e-01
   1.0573302e-03  -8.2984103e-04  -2.2748915e-04   2.9552052e-03  -2.3671456e-03
   2.6380022e-03  -1.2699379e-03  -1.3680643e-03  -8.1308955e-03  -7.5490022e-03
   1.4592568e-02   1.6432999e-02  -4.4544810e-02   2.0519937e-03   5.0037084e-04
   1.4944818e-02   8.9656646e-03  -3.7429724e-02  -2.1650118e-02   3.8847013e-02
   2.3274040e-02   7.6724843e-03  -4.4465766e-02   4.6917579e-03   7.1531695e-02
   7.1946591e-03  -5.0304097e-03  -2.1642494e-03  -1.2221862e-02  -1.0439254e-02
  -1.4263510e-03   1.8885813e-03  -4.6223029e-04   3.4789165e-03  -1.1787616e-02
   9.7390595e-03   1.4691035e-03  -8.5411632e-03  -1.2427489e-01   1.6290245e-01
   1.8625894e-02  -4.4140168e-03  -1.1544877e-02  -2.0998610e-01  -2.5300521e-02
   2.4036485e-02  -4.9830778e-03  -1.6386407e-02  -1.7275099e-01   2.5052810e-02
  -1.5686331e-03  -6.3688763e-03   7.9375094e-03   7.5716622e-04  -4.8449380e-02
   2.0381185e-03   3.4835219e-03  -5.5216404e-03   1.7663216e-03   3.0581033e-02
   1.7276334e-02   4.4066275e-03  -3.8138682e-02   9.2746280e-02   8.8242989e-02
   1.5965226e-02   6.8109926e-03  -3.9231940e-02   6.1978267e-02   7.2452985e-02
   1.8515749e-02   7.6204916e-03  -4.2591961e-02   9.1214057e-02   4.1780743e-02
   2.4544605e-05   5.6942706e-03  -5.7188152e-03   1.8376117e-02   3.4074705e-04
  -2.3385487e-04   1.2165681e-04   1.1219806e-04  -7.8595008e-03  -4.9601627e-03
   2.0886687e-02   1.9463989e-02  -5.6580224e-02   6.3713128e-02   1.6805976e-01
   1.5258338e-02   4.2864796e-02  -7.4352682e-02   7.8116437e-02   1.7535639e-01
   1.6275091e-02   3.1855560e-02  -6.4360200e-02   6.2781450e-02   1.5483934e-01
  -1.7841851e-03   1.2404237e-03   5.4376134e-04  -1.9747165e-02  -8.9146151e-03
   1.3031855e-03  -5.2628777e-04  -7.7689776e-04   2.8204725e-03   1.2188667e-02
   3.1790930e-02   3.1067199e-02  -1.0721239e-01   9.7188461e-02   1.5991536e-01
   7.9748546e-03   4.5908814e-02  -9.8237932e-02   1.4561234e-01   2.4565998e-01
   1.4342795e-02   3.7537115e-02  -9.6234174e-02   8.1809022e-02   1.7881626e-01
   2.1147296e-03   2.9570102e-04  -2.4104306e-03  -4.6996531e-03  -5.5180000e-02
  -2.9492688e-03   7.4307610e-04   2.2061927e-03  -2.2268041e-03   5.3638435e-03
   2.0824446e-02   1.7334778e-02  -5.1665753e-02   6.5500532e-02   9.2063987e-02
   1.2349813e-02   1.8479255e-02  -4.4335597e-02   4.6292436e-04  -4.4579153e-02
   1.5434569e-02   1.8572538e-02  -4.7513636e-02   2.0517132e-02   4.1309860e-02
  -1.6745782e-03   2.3787211e-04   1.4367061e-03   8.3236350e-04   1.1226774e-02
  -6.2431385e-04   1.8619396e-03  -1.2376257e-03  -1.0674110e-02   1.9305229e-03
   3.0040537e-02   2.8570077e-02  -7.3980361e-02  -2.1901058e-02   1.4976399e-01
   2.5855760e-02   4.5494884e-02  -8.6720392e-02  -2.7343731e-02   9.6036357e-02
   3.3317063e-02   3.0481941e-02  -7.9168751e-02  -4.4505749e-02   1.0944408e-01
   3.3268743e-04   5.9149546e-03  -6.2476420e-03   1.1469665e-02   3.8709663e-02
  -8.5524204e-04   1.4401586e-03  -5.8491656e-04  -8.3760659e-03  -1.4671336e-02
   2.8090415e-02   1.5196169e-02  -4.7346739e-02   3.3743689e-02   4.4931635e-02
   2.5743450e-02   1.4804109e-02  -4.4607714e-02   6.3189663e-02   1.1308353e-01
   2.8886515e-02   2.5523251e-02  -5.8469921e-02   6.6907861e-02   1.1800401e-01
   2.1476541e-03  -7.0908103e-04  -1.4385731e-03   3.8013032e-02   6.2301313e-02
  -3.3032976e-04  -9.2415823e-04   1.2544880e-03  -1.1553803e-02  -2.7034366e-02
   2.6051239e-02   9.5587156e-03  -5.2809202e-02   3.2979805e-02  -2.0183576e-02
   2.3486428e-02   3.3515635e-03  -4.4037238e-02   1.8777392e-02  -9.3180438e-02
   2.5067975e-02   1.7047130e-02  -5.9314352e-02   1.7664877e-02  -3.5831266e-02
  -1.6972653e-03  -1.8327834e-03   3.5300487e-03   2.2364852e-02   3.0587602e-02
   1.5913065e-03   3.6201835e-05  -1.6275083e-03   4.7545808e-03   2.6382416e-02
   2.4299860e-02   1.5453890e-02  -4.2318458e-02   4.9763072e-02  -1.1107852e-03
   2.1188200e-02   1.9271344e-02  -4.3024252e-02   4.9692194e-02   4.7327480e-02
   2.1167885e-02   1.6678506e-02  -4.0411098e-02   5.7253590e-02   2.9346155e-02
   4.4362199e-03  -5.4336547e-03   9.9743472e-04   1.1584810e-02  -3.1721428e-02
  -1.6601992e-03  -6.8418934e-04   2.3443885e-03   7.5278285e-03   3.4597081e-02
   9.5435123e-03   9.7521811e-03  -4.3099911e-02  -2.7851122e-02   8.9808847e-02
  -8.6675488e-04   1.6940979e-02  -3.9878441e-02  -2.5294670e-02   5.9063168e-02
   4.0593075e-03   1.4879236e-02  -4.2742761e-02  -8.7936197e-03   3.6442993e-02
  -6.6788680e-04   1.6988073e-03  -1.0309205e-03   2.7436134e-02   5.3613821e-03
   1.2387491e-03  -1.1890070e-03  -4.9742126e-05  -1.9781414e-02   2.2078003e-03
   2.2297973e-02   2.2283492e-02  -7.8142770e-02  -6.0523193e-02   1.9850998e-01
   2.2227709e-02   2.3524589e-02  -7.9313603e-02  -1.0319274e-01   1.1468083e-01
   2.0342139e-02   1.2493563e-02  -6.6397007e-02  -8.3247695e-02   8.9821452e-02
  -3.5096072e-03   2.5102610e-04   3.2585811e-03  -2.9609213e-02  -5.3477744e-02
  -8.1657352e-05  -2.8876713e-03   2.9693286e-03   4.2868114e-03   1.9625779e-02
   2.1546022e-02   2.1952874e-02  -6.3158298e-02   3.8860027e-02   1.7236947e-01
   1.2681723e-02   2.0151881e-02  -5.2493005e-02   4.3301268e-02   2.8816912e-01
   1.9071516e-02   1.7223306e-02  -5.5954223e-02   1.0865158e-02   1.6768472e-01
   5.2676195e-04  -2.9334812e-03   2.4067193e-03  -1.2761591e-02  -3.9119673e-02
  -1.8585872e-04   1.6772875e-03  -1.4914288e-03   5.3966706e-03  -7.3446350e-03
   4.3516716e-02   3.4811618e-02  -1.1560140e-01   6.1087997e-02   1.5099600e-01
   3.7566696e-02   3.4656133e-02  -1.0949590e-01   6.0548685e-02   1.0416522e-01
   3.7929559e-02   2.9028719e-02  -1.0423135e-01   9.7713433e-02   2.6258438e-01
   3.5961771e-03  -2.4578679e-03  -1.1383093e-03   4.0093551e-03  -3.5668241e-02
  -5.6326444e-05   2.2542749e-03  -2.1979485e-03  -1.9846108e-02   3.1014215e-04
   4.7315513e-01   3.8008535e-01  -1.2004574e+00   6.1821798e-01   2.1634633e+00
