   2.7096837e-02   4.2556592e-03  -5.9506064e-02   5.6492709e-02   6.3519399e-02
   2.4249409e-02   9.8625958e-04  -5.3389236e-02   3.8815002e-02  -7.3982899e-03
   2.5906524e-02   1.7404911e-03  -5.5800583e-02   6.9091582e-02   7.8981605e-03
   5.7318402e-03  -1.3652925e-02   7.9210845e-03  -2.8171270e-02  -4.8817301e-03
  -1.6748790e-03   5.7383337e-03  -4.0634547e-03   5.4229991e-03   2.2263672e-03
   8.9967602e-03   4.7802067e-03  -3.0238907e-02   6.0939692e-02   2.8824844e-02
  -6.0954616e-04   2.0119470e-03  -1.7864341e-02   8.7473654e-02   6.9968140e-02
   4.4628905e-03   2.5489229e-03  -2.3473754e-02   5.6460053e-02  -3.1425932e-02
  -6.9736413e-03  -2.3204584e-04   7.2056871e-03   1.3561222e-02   5.8203625e-02
   8.3722308e-04   2.6878062e-04  -1.1060037e-03   6.2707263e-04  -9.1535846e-03
   2.6703493e-02   1.3644812e-02  -8.9747427e-02  -1.0839635e-02  -5.2896589e-02
   3.3972260e-02   1.5312581e-02  -9.8683963e-02  -4.2307622e-02  -1.2829848e-01
   3.1624815e-02   4.6171664e-03  -8.5641104e-02  -2.0411331e-02  -9.6735104e-02
   2.4919349e-03  -3.2946071e-03   8.0267221e-04   4.7113130e-02   1.0805079e-01
  -2.2153365e-03   2.7077287e-03  -4.9239221e-04  -1.6944106e-02  -4.2755093e-02
   6.4128066e-03   6.9095916e-03  -2.6787121e-02   7.1812674e-05  -5.2013477e-02
   5.3278572e-03   1.1617866e-02  -3.0410446e-02   2.2425874e-02  -3.0645002e-03
   6.1160277e-03   6.1131591e-03  -2.5693910e-02   8.8483840e-03  -1.0122266e-02
  -9.4580798e-03  -6.2937692e-03   1.5751849e-02   2.4151654e-02  -1.2700516e-02
   4.2207543e-03   4.4663777e-04  -4.6673921e-03  -1.1467960e-02  -4.2528134e-03
   2.1065459e-02  -2.9857703e-03  -6.0112080e-02   1.1183353e-02   1.2989345e-01
   1.7437951e-02   8.4959814e-03  -6.7966324e-02   1.8391780e-02   8.5244219e-02
   2.3998271e-02   6.8743917e-03  -7.2905054e-02   7.2726307e-03   1.7749635e-01
  -3.6354042e-03   1.0517708e-02  -6.8823043e-03  -2.2959478e-02  -1.3015949e-01
   4.0893938e-03  -4.4317641e-03   3.4237034e-04   6.6635940e-04   3.5304306e-02
   2.0712918e-02   8.5318466e-03  -7.5007795e-02  -7.5583848e-02  -2.3436897e-01
   7.3907650e-03   1.8757575e-02  -7.1911371e-02  -1.2741463e-01  -3.3850108e-01
   9.8401930e-03   1.0244336e-02  -6.5847559e-02  -5.0053174e-02  -1.4684562e-01
   1.1904925e-03   2.0904215e-03  -3.2809139e-03   3.0303138e-02   3.2231234e-02
  -2.7641792e-03  -1.7158320e-03   4.4800112e-03   2.5510322e-03   1.9645488e-02
   2.6259962e-02   7.4772844e-03  -6.4907591e-02   5.3344248e-02  -4.7216991e-02
   2.9435381e-02   1.7956572e-02  -7.8562297e-02   3.0734698e-02  -1.8020570e-02
   3.0737700e-02   1.2623145e-02  -7.4531189e-02   1.8898904e-02  -9.9651572e-02
   4.4640849e-03  -1.1358190e-03  -3.3282659e-03  -2.3141314e-02   1.1628219e-02
   5.2102703e-04  -3.4075269e-03   2.8864999e-03   5.4307547e-03   1.7802016e-02
   6.4391680e-03  -3.3042614e-03  -1.5454155e-02  -3.1456592e-04   1.3176472e-01
  -5.2342745e-03   1.2315628e-02  -1.9400601e-02  -3.9590254e-02   1.1974491e-01
  -2.0979945e-04   1.2327995e-02  -2.4437443e-02  -2.5467598e-02   8.6474259e-02
  -7.9514743e-04  -2.3317703e-03   3.1269178e-03   1.2933631e-02  -4.1704008e-03
   1.6803829e-03   1.6818956e-03  -3.3622786e-03  -1.5853406e-02  -4.8116129e-02
   3.1147108e-02   5.1830363e-03  -7.7616227e-02   7.4613537e-02  -2.0701303e-02
   3.2643686e-02   2.8372008e-03  -7.6766969e-02   4.2065040e-02  -1.8065587e-02
   3.0568220e-02   5.7288648e-03  -7.7583168e-02   5.7119933e-02   8.5166820e-03
   1.0352262e-02  -2.3230125e-03  -8.0292497e-03   3.9209397e-03   8.7154673e-02
  -3.1009508e-03   8.5231924e-04   2.2486316e-03   5.7512436e-04  -5.5142189e-02
   7.8926308e-03   1.1141352e-02  -5.4545925e-02  -5.3422270e-02  -5.8899718e-02
  -8.1097973e-03   2.2818513e-02  -5.0220658e-02  -1.8373766e-02  -9.3832478e-02
  -2.4328594e-03   1.4825786e-02  -4.7904869e-02  -2.8076506e-02  -2.8736802e-02
   2.9043439e-03   8.2203517e-04  -3.7263791e-03  -5.3647858e-03   6.4067654e-02
  -1.3328307e-03  -6.1513350e-04   1.9479642e-03   1.4870191e-03  -1.4970027e-03
   9.5579302e-03   9.6854043e-03  -2.8574728e-02  -8.8242285e-02  -1.6364969e-02
   9.0505668e-03   1.9714103e-02  -3.8096063e-02  -1.1614672e-01  -1.6185926e-01
   1.2891645e-02   8.4591727e-03  -3.0682211e-02  -1.0609144e-01  -7.3096336e-02
   6.9000513e-03  -4.6010537e-03  -2.2989976e-03  -2.1902154e-02  -5.5215006e-02
  -2.2846893e-03   1.2940499e-03   9.9063933e-04   9.5796847e-03   2.2827473e-02
   1.4361020e-02  -4.6713228e-04  -4.0691325e-02  -1.6059874e-02   7.8507228e-02
   1.0978156e-02  -2.5061731e-03  -3.5269421e-02  -5.6156714e-03   7.4745294e-02
   1.5085834e-02   3.7582965e-03  -4.5641568e-02  -1.3034898e-02   5.9584045e-02
  -2.9487699e-04  -5.9270910e-03   6.2219680e-03  -4.3682662e-02  -4.5731626e-02
   4.7005127e-04   1.4296394e-03  -1.8996906e-03  -7.5408782e-06   1.1677585e-02
   3.3542305e-02   5.3542718e-03  -8.5507874e-02   1.4498094e-02  -7.1744687e-02
   3.7182743e-02   5.1576711e-03  -8.8951712e-02  -4.4227804e-02  -1.5967919e-01
   3.2063022e-02   4.4969727e-03  -8.3171293e-02   5.9934242e-03  -5.0012486e-02
   5.4986841e-03  -2.0854830e-03  -3.4132011e-03  -6.7599147e-03  -3.2493496e-02
   7.4661927e-04   2.7946980e-03  -3.5413173e-03   1.7754295e-02   3.9257200e-02
   2.0877521e-02  -1.1932210e-03  -5.1769093e-02   1.1039683e-01  -1.3534383e-03
   2.0103727e-02  -1.0151897e-02  -4.2036623e-02   1.5472186e-01   5.8093150e-02
   1.9148775e-02  -1.8633297e-03  -4.9370239e-02   1.0209367e-01  -5.5307507e-02
   6.7062171e-03  -2.6191451e-03  -4.0870720e-03   4.4287041e-02   1.2589561e-02
  -3.9068943e-03   3.6416120e-03   2.6528229e-04  -1.0847133e-02   7.1429984e-03
   1.6635234e-02   8.9470607e-03  -4.2114622e-02   6.2417834e-02  -2.2935985e-02
   1.1586988e-02   8.6503276e-03  -3.6769643e-02   4.4503332e-02   6.9866718e-03
   1.3843287e-02   9.1532654e-03  -3.9528880e-02   6.3122415e-02  -4.4945478e-02
  -6.1229845e-03   3.6263624e-03   2.4966221e-03   3.8831112e-03   9.4914045e-03
  -2.1264882e-05  -1.9113751e-03   1.9326400e-03   6.7935814e-03   1.1435056e-02
   2.4781775e-02  -7.9536350e-04  -7.0336230e-02   1.5276047e-02  -2.7213409e-02
   7.4279015e-03   8.9153734e-03  -6.2693093e-02   2.1035172e-02  -3.6563343e-02
   1.6560006e-02   6.8159591e-03  -6.9725783e-02   2.4190949e-02  -4.3493754e-02
  -1.0248616e-03   4.3860092e-03  -3.3611476e-03  -3.6525648e-02  -7.8766224e-02
   4.4453823e-03  -2.1574370e-03  -2.2879453e-03   9.7572973e-03   1.0304048e-02
   2.5766606e-02  -4.7562420e-03  -4.3667898e-02   1.2375042e-02  -3.3930424e-02
   2.8072996e-02  -9.1736332e-03  -4.1556897e-02   3.7982994e-02   1.2438538e-01
   2.9722922e-02   9.7887779e-04  -5.3359334e-02   1.5189406e-02   5.6482132e-02
  -3.3127115e-03   9.3822726e-03  -6.0695611e-03   2.6050773e-02   5.8035020e-03
   1.9882816e-03  -3.0759829e-03   1.0877012e-03  -4.1097341e-03   1.2377827e-02
   2.0786843e-02   9.7705558e-04  -3.4497531e-02  -6.4547625e-02   7.9291868e-02
   1.4127063e-02   1.2937951e-02  -3.9798646e-02  -1.4269493e-02   2.5625948e-01
   1.6481201e-02   7.7881914e-03  -3.7003025e-02  -1.7523768e-02   1.1076869e-01
  -9.6565781e-03  -9.5807816e-03   1.9237360e-02   1.6110405e-02  -8.4986121e-02
   4.7235446e-04   4.5025433e-03  -4.9748978e-03   3.9521289e-03   7.2652380e-02
   2.3498243e-02   8.6348636e-03  -5.7247701e-02   1.4099806e-02   1.0872321e-01
   1.5645325e-02   1.9343404e-02  -6.0103323e-02   2.3287107e-02   5.1554855e-02
   2.4953308e-02   6.1035623e-03  -5.6171464e-02   1.7202490e-02   1.1540141e-01
  -9.8858403e-03   2.8461789e-03   7.0396615e-03   1.9596938e-02   1.0893159e-02
   2.8751746e-03  -2.0930012e-03  -7.8217338e-04  -1.8993622e-02   6.4115699e-03
   1.2919203e-02   7.6995800e-03  -3.6040267e-02   3.7265327e-02   1.1409054e-01
   4.5390667e-03   1.9434475e-02  -3.9395026e-02   4.0961162e-02   1.0934934e-01
   8.2445913e-03   1.4919048e-02  -3.8585123e-02   2.8163528e-02   1.2114059e-01
   7.2971084e-03  -6.8732527e-03  -4.2385571e-04  -7.5760078e-03  -5.1640482e-02
  -3.7970846e-03   1.7121751e-03   2.0849096e-03  -9.8100595e-03  -4.0557981e-03
   3.7581810e-01   1.2053632e-01  -1.0655511e+00   2.7767637e-01   1.3501822e-01
  -3.9405817e-03  -1.1290045e-02   1.7360438e-02  -9.6756048e-03   5.4185378e-02
  -9.6276213e-03  -1.4540540e-02   2.6297973e-02   3.2608235e-03   5.1934596e-02
  -1.4965293e-02  -1.4698360e-02   3.1793464e-02   1.3800548e-02   2.5990902e-02
  -3.3150599e-03   7.9753597e-04   2.5175239e-03  -2.9832898e-02  -4.0462721e-02
   1.0258314e-03  -5.1193728e-04  -5.1389408e-04   8.2094822e-03   1.3052466e-02
  -1.2331885e-02   4.2211657e-03   2.8621355e-02   8.1690926e-03   3.6927223e-02
  -1.7002934e-02   5.6894359e-03   3.1824134e-02   1.0090158e-01   2.0856903e-01
  -1.5636779e-02  -3.7922295e-03   3.9939644e-02   3.5734068e-02   5.8570767e-02
   1.7351930e-03   7.4968992e-03  -9.2320922e-03  -1.5556283e-02   9.2775211e-04
  -2.8919098e-04  -2.0764275e-04   4.9683372e-04   5.2658346e-05   1.8287104e-02
  -3.2581642e-02  -6.5981332e-03   9.0952227e-02  -9.8387913e-02  -2.7138243e-02
  -2.4022924e-02   2.7772736e-03   7.3018102e-02  -1.1975758e-01  -5.9838282e-02
  -2.8048568e-02  -1.0720965e-02   9.0541984e-02  -1.0471779e-01  -3.2671809e-02
   8.7083544e-03  -7.2709567e-04  -7.9812588e-03   7.5645991e-02   1.0756223e-01
  -1.9538725e-03  -8.1247762e-04   2.7663501e-03  -1.5707098e-02  -3.2468934e-02
  -3.0495464e-02   2.8389010e-03   5.6728253e-02  -2.5845821e-04  -1.1576353e-01
  -3.6670974e-02   2.5934562e-03   6.3149207e-02   3.1822473e-02  -1.2328940e-01
  -3.9059873e-02  -3.4005906e-03   7.1532153e-02  -7.4030114e-03  -1.1254227e-01
  -2.2472203e-03  -1.8877845e-03   4.1350048e-03   3.5915467e-02   2.1659893e-02
   2.1823118e-03   2.9378998e-04  -2.4761018e-03  -3.5895591e-03   5.6511982e-03
  -2.5535924e-02  -2.4441709e-02   8.9918929e-02   2.9452115e-02   1.2463872e-02
  -2.8357240e-02  -2.1423540e-02   8.9722076e-02   7.2562414e-02   1.2852331e-01
  -2.8955918e-02  -1.6163645e-02   8.5060858e-02   5.6780153e-02   9.7560465e-02
   3.5638998e-03  -2.6820791e-03  -8.8182064e-04  -5.0834635e-02  -7.0878896e-02
  -4.6446005e-04   1.7122363e-03  -1.2477762e-03   6.2992879e-03  -6.8794752e-03
  -3.9782570e-02  -1.9475601e-02   7.6629293e-02   2.1976960e-03  -8.4124061e-02
  -5.0767462e-02  -1.5763879e-02   8.3902463e-02  -1.1725900e-02  -1.0497571e-01
  -5.3896490e-02  -1.1797539e-02   8.3065151e-02   1.5487489e-02  -4.4098788e-02
   1.5593354e-03   5.4610431e-03  -7.0203784e-03   4.9068699e-02   6.3710192e-02
  -6.0335952e-04  -2.4041998e-03   3.0075593e-03  -4.2372151e-03  -1.4459044e-03
  -2.2669197e-02  -9.5139520e-03   5.3221077e-02  -5.9722512e-04  -3.4423260e-03
  -1.8444785e-02  -9.6759872e-03   4.9158700e-02  -2.3270509e-02   1.3650856e-02
  -2.2749099e-02  -6.9200927e-03   5.0707120e-02   1.5281821e-02   2.3968423e-02
  -9.5061126e-04   1.9537318e-03  -1.0031206e-03   4.2085282e-02   4.8562088e-02
   1.8005411e-03  -1.9149606e-03   1.1441947e-04  -1.3207618e-02   3.5262899e-03
  -2.7731462e-02  -1.7228206e-02   8.5035528e-02  -6.0334451e-02   2.5785212e-02
  -3.9545643e-02  -2.1300361e-03   8.1751539e-02  -1.1723111e-01  -4.8276519e-02
  -3.6575825e-02  -7.1597963e-03   8.3811481e-02  -8.8850857e-02  -5.9870310e-02
   1.9180145e-03   3.4272948e-03  -5.3453092e-03   1.7352576e-02   3.0868975e-02
  -1.6157230e-03  -2.9798251e-03   4.5955481e-03  -1.3394354e-02  -2.6412333e-02
  -2.2169351e-02  -1.3163600e-02   6.6791819e-02   5.7242359e-02   4.4041713e-02
  -1.7963676e-02  -1.6766917e-02   6.6189461e-02   5.0850377e-02   7.1716464e-02
  -1.9203020e-02  -1.1929035e-02   6.2590923e-02   5.2961044e-02   7.5397624e-02
   6.9431142e-03  -5.0687035e-03  -1.8744107e-03  -2.2827836e-05   9.6267884e-03
  -2.7227942e-03   3.7878390e-03  -1.0650448e-03  -1.1916916e-02  -3.9417223e-02
  -1.7790762e-02   5.4560868e-03   9.2379215e-05   2.3401834e-02  -2.1571313e-02
  -3.6351495e-02   1.2525497e-02   1.1583702e-02   1.0940748e-02  -4.0441240e-02
  -2.5464799e-02   2.4938779e-03   1.0728625e-02   2.3286832e-02   1.2078853e-02
   5.9857691e-03   1.2894025e-02  -1.8879794e-02  -5.4942111e-02   4.4921281e-04
  -5.7847835e-03  -3.0578482e-03   8.8426317e-03   1.5358414e-02   9.9559657e-03
  -5.1126212e-03  -9.4679881e-04   2.0815806e-02  -1.2087363e-01  -1.3699749e-02
  -1.1285440e-02  -8.5930916e-03   3.4634917e-02  -1.2387916e-01  -7.8105330e-02
  -4.5957950e-03  -7.2420433e-03   2.6594224e-02  -1.2751843e-01  -6.2293049e-02
  -9.6091212e-04  -1.1220971e-02   1.2181883e-02   2.8878507e-03  -3.6847686e-02
  -1.6735162e-03   1.5727962e-03   1.0071999e-04  -1.7708997e-02  -3.2537281e-02
  -2.5374384e-02  -9.4417402e-03   7.4930035e-02  -1.4700111e-02   9.5433123e-02
  -3.0628258e-02  -1.0000674e-02   8.0742843e-02  -1.5459108e-02   1.1588633e-01
  -2.7330952e-02  -1.1757455e-02   7.9202318e-02  -3.9228943e-02   8.4646241e-02
  -4.0437194e-03  -6.2694273e-03   1.0313147e-02  -5.2775078e-03  -1.8509206e-02
   2.3748915e-03  -1.3658039e-03  -1.0090876e-03   9.2640000e-04   9.3748260e-03
  -1.8760913e-02  -1.0635791e-02   6.9686942e-02   3.8547324e-04   9.5952303e-02
  -9.3036295e-03  -1.3113276e-02   6.2707144e-02  -2.3708074e-03   5.6846822e-02
  -1.3906827e-02  -1.6093003e-02   7.0290068e-02  -1.7136208e-02   6.1230140e-02
   5.3974355e-03   5.6991474e-04  -5.9673502e-03  -3.6675743e-02  -9.5430225e-02
  -2.1987227e-03  -4.3672689e-04   2.6354496e-03   2.7139011e-02   7.2566724e-02
  -1.6405839e-02  -1.2937470e-02   6.3022527e-02   5.9411818e-02   9.3259132e-02
  -1.2962977e-02  -2.1150388e-03   4.8757235e-02   9.7664590e-02   1.1889375e-01
  -1.4944534e-02  -6.8850654e-03   5.5508819e-02   6.2554932e-02   4.5496579e-02
   5.0335473e-04   4.6225124e-03  -5.1258671e-03  -1.0537867e-04   1.5349685e-02
   1.6417714e-04  -1.7598236e-03   1.5956464e-03  -1.9857485e-03  -9.3767066e-03
  -8.9442919e-03   7.2072987e-04   3.8544547e-02   5.5979413e-02   4.7735531e-02
  -2.3695191e-03   7.0861051e-03   2.5604399e-02   7.1634369e-02   1.1289235e-01
  -9.0176938e-03   5.6144447e-05   3.9282535e-02   5.9341979e-02   3.8587537e-02
  -5.2101879e-03  -5.3829351e-03   1.0593123e-02  -1.8469224e-02  -6.9178850e-02
   1.0855951e-03   1.4273039e-03  -2.5128990e-03   1.2951603e-02   2.3863073e-02
  -3.1869401e-02  -1.7797045e-02   6.6675322e-02  -8.1204884e-02   3.7781038e-02
  -4.8478063e-02  -1.4911383e-02   8.0398322e-02  -1.5673243e-01  -9.7208351e-02
  -4.1689860e-02  -1.2100224e-02   7.0798961e-02  -9.2871483e-02  -2.6651162e-02
   6.1069220e-03  -1.6114466e-03  -4.4954754e-03   2.7960516e-02   1.9775730e-03
   5.4438813e-05   3.7164903e-03  -3.7709291e-03  -5.8200552e-03  -4.4105447e-03
  -3.7127470e-02  -1.7800118e-02   7.6940227e-02  -1.2763932e-02  -2.9250638e-02
  -4.1927341e-02  -2.2240862e-02   8.6180842e-02   2.9771257e-03   3.2622853e-02
  -3.7384001e-02  -1.2288362e-02   7.1685003e-02   1.1816087e-02   2.8880565e-02
   6.0081841e-03   5.6428110e-03  -1.1650995e-02  -3.2372598e-02  -5.8772041e-03
  -2.9258715e-04  -1.9956223e-03   2.2882095e-03   2.1114219e-02   8.8775815e-03
  -1.9169074e-02  -3.7519776e-03   4.2174892e-02  -2.5224039e-02   4.8807770e-03
  -2.6742328e-02   8.4902879e-03   3.7505881e-02  -8.3683701e-03   2.6604524e-02
  -2.2505981e-02  -7.8069231e-04   4.2540514e-02  -1.5472346e-02   1.0805244e-02
  -3.3088640e-03  -3.9895135e-03   7.2983775e-03   5.7959958e-03  -3.4992552e-02
  -1.1709531e-03   2.1673207e-03  -9.9636758e-04   4.4802097e-03   3.9970835e-02
  -9.5558920e-03  -1.1110898e-02   2.9461309e-02  -1.1113708e-02  -6.0703590e-02
  -1.6820062e-02  -8.2854915e-03   3.3900073e-02   4.4179422e-02   6.6688625e-02
  -8.7939610e-03  -7.9086526e-03   2.5497133e-02   1.6606355e-02   7.2134031e-02
  -6.5253296e-03  -9.0046415e-04   7.4257937e-03   6.7924523e-03   9.1094975e-02
   3.6264047e-04   1.6621113e-04  -5.2885160e-04  -2.8185502e-03  -1.8132159e-02
  -1.7142884e-02   7.1718167e-03   3.1129908e-02   9.0013726e-02   1.1414065e-01
  -2.1689082e-02   2.0319359e-02   2.2528563e-02   8.7073545e-02   1.1497577e-01
  -1.8298183e-02   8.1056789e-03   3.1351344e-02   6.4121148e-02   9.6983783e-02
  -4.2915345e-03  -2.7475127e-03   7.0390472e-03  -4.9386806e-03  -2.2510388e-02
   1.5718042e-03   8.0966911e-04  -2.3814733e-03  -1.3147995e-02  -2.2901348e-02
  -5.0290671e-01  -1.6697653e-01   1.1584001e+00  -4.2265431e-02   4.1791591e-01
  -1.1173546e-02  -1.5040019e-02   7.9825171e-02   3.4102620e-02  -1.0642411e-02
  -2.5702014e-02  -1.6683950e-02   9.5997571e-02   6.0829514e-02   2.1420166e-02
  -2.5810481e-02  -1.2148235e-02   9.1570323e-02   3.0543235e-02  -7.8096888e-02
  -6.0864300e-03   4.5408846e-03   1.5455454e-03   2.2242116e-02   8.4351522e-02
   9.7138894e-04  -3.1447285e-03   2.1733396e-03  -1.4672539e-02  -2.3746084e-02
   2.3667907e-03   1.5811907e-02   2.1509745e-02   7.0393029e-04   1.5880489e-01
  -4.9456667e-03   3.6068969e-02   8.5651407e-03   1.9823955e-02   1.7391515e-01
   6.0544404e-04   6.5937126e-03   3.2489286e-02  -2.0841369e-02   6.4378255e-02
   1.6955749e-03  -4.8605053e-04  -1.2095244e-03  -2.7767132e-02   1.6753209e-02
  -2.5143876e-03   7.1104729e-04   1.8033403e-03   1.8273245e-02   3.4119092e-02
  -9.6827649e-04   8.3086527e-03   7.1340754e-02   1.4189342e-02  -2.0551597e-02
  -1.2925148e-03   2.1614554e-02   5.8359091e-02   1.2022311e-02  -4.3477060e-02
  -7.8249808e-04   6.8049563e-03   7.2658672e-02   8.5996595e-03  -1.2092567e-02
  -3.2474009e-03   4.4187479e-03  -1.1713470e-03  -1.1840246e-02  -4.6542877e-02
  -8.1894366e-04  -2.3565945e-03   3.1755381e-03   8.0477886e-03   3.0169156e-02
  -1.4785282e-02   1.3868474e-02   4.7678019e-02  -1.2022721e-01  -1.4600399e-01
  -2.5063441e-02   2.8421168e-02   4.3403484e-02  -1.1083059e-01  -1.8776724e-01
  -2.2464282e-02   5.7373735e-03   6.3488119e-02  -1.3693600e-01  -1.3462601e-01
  -7.3419460e-03   5.1570355e-03   2.1849105e-03   2.2783431e-02   3.3945187e-02
   1.6080073e-03  -1.9739810e-03   3.6597369e-04   2.8489811e-03   1.0808211e-02
   1.9950303e-02  -3.4757945e-03   2.9251332e-02  -2.2207927e-02  -1.4402875e-01
   9.1527344e-03   8.7497051e-03   2.7823401e-02   5.1600754e-03  -5.3044314e-02
   9.1907900e-03   4.7256066e-03   3.1809444e-02  -1.4220207e-02  -5.5252710e-02
  -4.0326393e-03   2.1024160e-03   1.9302233e-03   3.2062561e-03  -9.3948532e-03
   2.6976392e-03   3.4670873e-04  -3.0443479e-03  -5.3553914e-03  -2.2419003e-02
  -1.4826935e-02  -4.3667455e-03   1.0212634e-01  -1.0524909e-01  -1.5264907e-01
  -2.0771795e-02  -2.1902023e-04   1.0392348e-01  -1.3475365e-01  -2.3111597e-01
  -1.9950403e-02   2.9161899e-04   1.0259145e-01  -8.2569873e-02  -1.2941528e-01
   9.7589486e-03  -5.3437087e-04  -9.2245777e-03   1.5244389e-02   5.0468820e-02
  -1.3738485e-03  -2.6562676e-03   4.0301161e-03  -6.3629172e-03  -1.3384775e-02
  -1.5793771e-02   4.2749408e-03   9.1188390e-02   7.4889405e-02  -4.2059930e-02
  -1.4819039e-02   1.4395156e-02   8.0093444e-02   5.6504287e-02  -4.8047558e-02
  -2.1820733e-02   1.6419737e-03   9.9848319e-02   5.6253263e-02  -1.0218792e-01
  -6.6326433e-03   5.2987452e-03   1.3338981e-03  -1.6796479e-02  -2.8403906e-02
   3.4857193e-03  -1.5874902e-03  -1.8982290e-03   7.9960199e-03   1.1409355e-02
   2.1868109e-02   7.2795846e-03   2.7683367e-03  -3.2490165e-02  -2.8663458e-02
   4.2850913e-03   1.5810414e-02   1.1820525e-02  -5.2306461e-02  -5.7801484e-02
   2.7644318e-03   1.0581064e-02   1.8570534e-02  -5.7704350e-03  -1.6465753e-02
  -7.8768987e-03  -7.1321720e-04   8.5901159e-03  -3.9782790e-03   3.0231709e-02
   2.4487855e-03  -9.5216490e-04  -1.4966206e-03  -1.0841864e-02  -2.2152139e-02
   4.1708626e-03   9.3566809e-04   5.6130025e-02  -6.1900903e-03  -6.9120283e-02
  -5.1607812e-03  -3.5261251e-03   6.9923462e-02   4.0942909e-03  -5.5616172e-02
  -3.4169837e-03  -6.1847459e-03   7.0838285e-02   3.3658260e-02   5.2505754e-03
   3.4457071e-03   6.6015868e-03  -1.0047294e-02   3.2924019e-02  -2.5533943e-02
  -2.6150197e-03  -1.3809633e-03   3.9959830e-03  -1.3290663e-02  -3.4201011e-02
  -3.8859647e-02   4.7480641e-03   8.8217203e-02  -5.4796442e-03  -7.9351718e-02
  -6.3968299e-02   1.9528136e-02   9.8545783e-02  -1.6591264e-02  -1.8203762e-01
  -5.3920678e-02   3.2784018e-03   1.0474790e-01  -3.6127417e-02  -1.3822063e-01
  -9.6926170e-04   7.2223311e-03  -6.2530694e-03  -1.5952140e-03   1.0643538e-02
  -6.4969825e-04  -1.0724123e-04   7.5693948e-04  -1.4685493e-02  -3.2144091e-02
   1.9358300e-02   2.2097957e-03  -1.1059218e-02  -5.7263953e-02   6.7265553e-02
   2.3311463e-02   3.4603606e-03  -1.6262946e-02  -6.2677249e-02   1.7439589e-02
   2.3680731e-02   8.1531741e-04  -1.3987171e-02  -3.5990725e-02   7.0182958e-02
  -1.2174362e-03   2.9369076e-03  -1.7194715e-03  -1.9471998e-02  -2.9213150e-02
  -3.9190200e-04  -3.1907901e-03   3.5826921e-03   7.0583299e-03  -1.4184607e-02
   1.6045283e-02   5.1681460e-03   1.6253236e-02   1.9696204e-02  -2.7422635e-02
   7.7338967e-03   1.6329286e-02   1.3403483e-02   5.3691198e-02  -4.0007148e-02
   7.9626665e-03   1.1790529e-02   1.7713470e-02   1.0199003e-02  -3.6304355e-02
   1.7781603e-03  -5.5432371e-03   3.7650768e-03   1.1582704e-02   6.8951908e-02
  -1.4887910e-04  -9.6807420e-04   1.1169533e-03  -5.2090582e-03  -4.1704213e-02
   3.7033078e-03   8.8920947e-03   7.0658529e-02  -3.2019966e-02  -9.5758287e-05
   8.6718480e-03   6.3989657e-03   6.8183118e-02  -6.5122312e-02  -4.1618636e-03
  -2.6961278e-03   5.6962013e-03   8.0253859e-02  -6.3239069e-02  -2.9453917e-02
  -2.7787652e-03   2.8992897e-04   2.4888363e-03   2.6568097e-03  -1.6129544e-02
  -5.0835942e-04   1.4193435e-03  -9.1098411e-04   1.0391975e-02   1.5595767e-02
   7.7196239e-03   6.4884592e-03   5.4691280e-02  -2.1016705e-02   3.1463517e-02
   1.6214859e-02   1.3789169e-02   3.8895335e-02   2.4096824e-03   5.9426839e-02
   1.2469489e-02   4.9060161e-03   5.1523858e-02  -4.0651802e-02   1.5056844e-03
   2.5278327e-03   5.4658887e-03  -7.9937213e-03  -1.7718184e-02  -3.3981685e-02
  -1.1170773e-03  -1.1930627e-03   2.3101400e-03   3.5195222e-03   4.7675382e-03
   1.4827545e-03   4.4020732e-03   5.1921445e-02  -1.0702764e-01  -4.1892164e-02
   8.1373097e-03   8.2895154e-03   4.1379447e-02  -8.8474617e-02   3.3042938e-03
  -4.7257911e-03   2.7283499e-03   5.9803714e-02  -8.8032087e-02  -1.8246631e-02
  -5.3952635e-03   1.4349070e-03   3.9603565e-03  -3.0297859e-02  -5.8571630e-02
   2.2190126e-03  -1.5767237e-03  -6.4228891e-04   3.7820629e-03   1.0435554e-02
  -9.3205987e-03  -2.3879528e-04   8.0572521e-02  -1.0858174e-01  -3.8896455e-02
  -2.4567474e-02   1.2780414e-02   8.2800187e-02  -1.3970266e-01  -1.1135249e-01
  -2.1967753e-02   5.3641786e-03   8.7616701e-02  -1.0005495e-01  -8.5113601e-02
   1.8669252e-03  -7.7278577e-03   5.8609325e-03   4.8243207e-02   6.5328404e-02
  -1.3726527e-03   4.5252751e-03  -3.1526223e-03  -9.4963661e-03  -1.8626182e-02
  -1.2313920e-02  -6.5191717e-03   9.1615203e-02  -1.2273512e-01  -1.7341529e-01
  -1.9762305e-02  -1.8500439e-02   1.1104486e-01  -1.3957551e-01  -1.5626940e-01
  -1.7855959e-02  -7.4948919e-03   9.8132963e-02  -1.2591925e-01  -1.2548430e-01
   2.4208298e-03  -9.5129884e-03   7.0921586e-03  -1.6969682e-02   5.4149863e-02
   2.0560588e-03   5.9848852e-03  -8.0409440e-03   6.2189789e-03  -2.0414276e-02
  -8.6592791e-03   4.6268707e-03   5.4498350e-02  -4.3737276e-02  -3.8916643e-02
  -1.3319634e-02   2.3189327e-02   4.0596249e-02  -4.9807055e-02   4.8424991e-02
  -1.2313673e-03   8.5248890e-03   4.3172420e-02  -3.6643748e-02  -2.0912520e-02
   8.2343002e-03   1.4249591e-03  -9.6592593e-03   1.0588208e-02   8.2003624e-03
  -2.4615063e-03   2.1701062e-03   2.9140009e-04  -6.6987579e-03  -2.1895519e-02
  -9.5442401e-04   1.1481516e-03   6.0166760e-02   3.3846754e-02  -9.8011260e-02
  -8.4198691e-03   1.2252873e-02   5.6527484e-02   5.7444857e-02  -1.2771018e-01
  -3.1782514e-03   7.6523454e-05   6.3462216e-02   1.3642139e-02  -1.1088160e-01
   9.4167881e-03  -1.9939131e-03  -7.4228750e-03  -9.5637117e-03   8.6646540e-03
  -3.3008498e-03  -7.2464156e-04   4.0254913e-03   1.6955322e-02   2.1385653e-02
   4.1796043e-03   8.9507409e-03   1.9288276e-02   6.6749128e-03   9.9363894e-02
  -2.6035466e-03   1.8824182e-02   1.6197986e-02   1.4444905e-02   1.8433875e-01
  -1.6450848e-04   9.6158961e-03   2.2967233e-02  -2.5996964e-02   8.9223421e-02
   4.4968564e-04  -4.5847721e-03   4.1350865e-03  -4.3461189e-02  -5.6296538e-02
  -6.4125847e-04   8.8650014e-04  -2.4524167e-04   1.0790958e-02   6.7662329e-03
  -2.0908368e-01  -2.0521528e-02   1.3489093e+00  -6.4696980e-01  -1.1166166e+00
   3.4266785e-02   7.1773152e-03  -6.9806499e-02   2.7422023e-02   8.3735773e-02
   7.8048737e-03   3.0633005e-02  -6.6800277e-02   1.9507436e-02   4.2637845e-02
   5.1135347e-03   9.0210374e-03  -4.2496970e-02   2.2459440e-02  -2.6263365e-02
  -1.1255988e-02   1.3334889e-02  -2.0789006e-03   9.9617966e-02   5.5310005e-02
   5.2920923e-03  -3.8329973e-03  -1.4590950e-03  -9.6341307e-03   5.8733658e-02
   2.9059869e-02   1.2179334e-02  -6.2009445e-02  -5.7047026e-02   1.7711867e-01
   1.9874660e-02   4.5610702e-02  -8.6255604e-02  -6.4525490e-02   1.8932507e-01
   2.6938093e-02   9.5772887e-03  -5.7285622e-02  -7.9063654e-02   9.3309117e-02
  -2.5915865e-03  -6.5160600e-03   9.1076465e-03   4.3868425e-02   1.5539027e-02
  -7.1541539e-04   3.7177251e-03  -3.0023097e-03   1.1482624e-02   5.8082195e-02
   6.2389033e-02  -1.6610381e-04  -1.5369910e-01   2.9442824e-02   9.8750438e-02
   4.7453352e-02   3.2748218e-02  -1.7167774e-01   1.7944060e-02   1.0645863e-01
   5.4050132e-02   1.1536867e-03  -1.4667999e-01   2.2325133e-02   7.6903628e-02
   1.7284430e-03  -5.6245956e-04  -1.1659835e-03   6.5021135e-02  -1.2418343e-02
   1.6419506e-03  -1.6673620e-03   2.5411354e-05   3.4328647e-03   7.1779447e-02
   2.2075149e-02   1.5060544e-02  -6.6662339e-02  -4.3010553e-03  -1.6494765e-01
  -3.5755688e-03   3.7433264e-02  -6.3384340e-02  -4.2529594e-03  -1.8141594e-01
  -5.5936417e-03   4.8424712e-03  -2.8775474e-02   7.5362928e-03  -8.4035262e-02
  -4.4368319e-03   8.0611384e-03  -3.6243065e-03   6.6579554e-02  -3.9919426e-03
   1.1531895e-03  -4.2951270e-03   3.1419376e-03  -1.4914633e-03   5.5894775e-02
   6.3847216e-02   6.2681815e-03  -1.3642246e-01   1.1561199e-01  -2.2455395e-03
   4.3467469e-02   2.9421311e-02  -1.3919585e-01   1.2125251e-01  -7.6476291e-04
   4.3936271e-02   1.1267197e-02  -1.2151053e-01   1.1432526e-01   3.8254260e-02
  -7.8520187e-03   6.9359771e-03   9.1604153e-04   5.2237689e-02  -3.6958234e-02
   4.6381952e-03  -2.7479288e-03  -1.8902664e-03  -1.4678885e-03   7.2579873e-02
   6.1223442e-02  -6.2188464e-03  -1.2907967e-01   1.6656507e-03  -7.5779728e-02
   4.5531651e-02  -7.9963601e-03  -1.1161037e-01  -1.8006528e-02  -8.8167432e-02
   4.2950623e-02  -7.0234494e-03  -1.1000225e-01   5.3158272e-02   2.5683559e-02
  -4.1971353e-03  -1.5492200e-03   5.7463553e-03   1.1797884e-02   2.2281878e-02
   4.9275281e-04  -2.7369884e-04  -2.1905397e-04   2.0585006e-02   6.6118860e-02
   4.1984548e-02   7.2956921e-03  -8.8737375e-02   2.4661631e-02  -4.0798028e-02
   2.9893486e-02   3.2870871e-02  -1.0222149e-01  -1.8463784e-02  -5.6783516e-02
   2.5213877e-02  -1.9607413e-03  -6.2710272e-02   9.8351956e-04  -5.0019902e-02
   7.3882242e-03   7.7546929e-03  -1.5142917e-02   1.6878220e-02  -4.7291842e-02
  -2.2151766e-03   2.5951757e-04   1.9556590e-03   1.1992980e-02   5.9987478e-02
   6.2251805e-02   9.7571758e-03  -1.3132365e-01   1.3446729e-02   1.0971518e-01
   3.7776878e-02   3.9225399e-02  -1.3631695e-01   2.5003010e-02   1.7832765e-01
   3.7341560e-02   1.0738819e-02  -1.0739505e-01   7.3864402e-02   1.8816552e-01
  -4.2446770e-03  -1.4120887e-03   5.6567657e-03   1.4585078e-02  -5.7923209e-02
   6.5772914e-04  -1.8829984e-03   1.2252692e-03   1.2548505e-03   5.9502541e-02
   6.2224459e-02   1.3072467e-02  -1.2913702e-01  -3.9555201e-02  -7.1100836e-02
   5.3657563e-02   3.0348477e-02  -1.3784613e-01  -4.9041448e-02  -1.5209061e-01
   4.7350654e-02   1.2596284e-02  -1.1378703e-01  -1.3630557e-02  -3.2113379e-02
  -2.1381764e-03  -1.6472419e-04   2.3029006e-03   4.1746512e-02   1.0716457e-02
   2.2821963e-03   1.6158761e-04  -2.4437839e-03   6.2551244e-03   2.5191228e-02
  -7.1985712e-05  -1.3207270e-03  -3.2959796e-02   1.6313890e-02  -5.7413347e-03
  -3.7734436e-02   3.5340820e-02  -3.1958892e-02   7.1223716e-02   1.7699393e-02
  -3.1663386e-02   2.2009087e-03  -4.8900309e-03   2.3036655e-02   5.9385461e-02
   3.9700775e-03  -2.2806902e-03  -1.6893872e-03   4.3500933e-02   2.3184635e-02
  -9.8792785e-04   5.1719949e-03  -4.1840671e-03   1.3131990e-02   5.8061479e-02
   3.6310943e-02   1.9718807e-02  -6.4462737e-02   1.6415761e-02  -3.7337548e-02
   2.7991347e-02   2.3500374e-02  -5.9924709e-02  -2.4906838e-02  -1.5720220e-01
   3.0411722e-02   1.2407276e-02  -5.1251985e-02  -2.2751147e-02  -1.1310340e-01
   1.8203649e-03   3.5601295e-03  -5.3804944e-03   1.8242787e-02  -1.3881569e-03
  -3.6679074e-03  -1.5817055e-03   5.2496128e-03   1.6169914e-02   5.3925182e-02
   6.4853687e-02   8.5241061e-03  -1.4254517e-01   6.6100549e-02   1.0800452e-01
   3.5068064e-02   2.7148781e-02  -1.3138422e-01   8.2316380e-02   5.0899572e-02
   3.8309043e-02   1.2278834e-02  -1.1975525e-01   4.0579273e-02   6.0783127e-02
  -3.6149586e-03  -7.0860685e-03   1.0701027e-02   2.7533007e-02  -5.4330688e-03
   2.2392560e-03   1.0538810e-03  -3.2931370e-03   6.7977597e-03   4.9693720e-02
   6.7938021e-02   6.7004685e-03  -1.3567461e-01   1.3032711e-02   6.6959046e-02
   4.9792613e-02   1.7981053e-02  -1.2880979e-01   9.1004670e-03   5.8164642e-02
   3.6939863e-02   9.7388990e-03  -1.0771488e-01   1.5860434e-02   3.5289678e-02
   5.1612079e-03  -2.4430119e-03  -2.7181960e-03   4.5914177e-02  -5.7492124e-03
  -1.1149229e-04   1.0102134e-03  -8.9872112e-04  -6.3829261e-03   4.0575499e-02
   5.5627911e-02   1.1883024e-02  -1.2238043e-01   7.5731092e-02  -2.2095812e-02
   4.3080506e-02   3.2471068e-02  -1.3042107e-01   7.8552758e-02  -7.4395780e-03
   4.0024133e-02   6.5339724e-03  -1.0142760e-01   5.1705910e-02  -1.1751733e-01
   7.4967966e-04  -3.8312404e-03   3.0815608e-03   1.7179791e-02  -4.7506668e-02
   1.8640558e-03  -1.8620113e-03  -2.0444879e-06   4.5891703e-03   5.6575434e-02
   4.1210141e-02   7.7228853e-03  -7.6203571e-02  -5.1082585e-02  -1.4525167e-01
   2.0859298e-02   2.2158593e-02  -7.0288435e-02  -6.5198055e-02  -9.6614634e-02
   9.2499321e-03   1.6555313e-04  -3.6686029e-02  -6.2005652e-02  -1.4496802e-01
   3.8326469e-04   1.5114971e-03  -1.8947618e-03   4.0740104e-02  -2.9320826e-02
   3.9315920e-04   2.7969501e-04  -6.7285421e-04  -7.2743177e-04   4.1832769e-02
   5.5161718e-02   2.2885817e-03  -1.3925285e-01   6.3521978e-02   1.3391152e-01
   2.6070699e-02   2.1468811e-02  -1.2934206e-01   5.7650161e-02   1.6959333e-01
   2.6029961e-02   2.3318541e-03  -1.1016437e-01   8.5242335e-02   1.3607466e-01
  -2.7434749e-04  -8.0678476e-04   1.0811323e-03   6.1350267e-02  -2.2020288e-02
  -1.5182442e-03  -2.1724523e-03   3.6906965e-03  -1.0857221e-02   4.1988730e-02
   5.1405246e-02   1.1877732e-03  -1.1666553e-01   4.2443794e-02  -7.8421560e-02
   2.3114828e-02   2.5476566e-03  -8.9734992e-02   5.3479765e-02   2.4858410e-02
   1.9674748e-02   4.2704486e-03  -8.8017703e-02   5.6490234e-02   4.5647093e-02
  -6.6419492e-03  -1.5926054e-03   8.2345546e-03   4.7962325e-02  -3.2852823e-02
   5.1989390e-04   6.2450666e-04  -1.1444006e-03  -5.4390724e-03   4.5441758e-02
   3.3164086e-02   1.6882618e-02  -7.4926897e-02   3.3336523e-03  -2.0536470e-02
   1.9769418e-02   4.8923205e-02  -9.3572816e-02   1.5760744e-02   1.1101295e-03
   2.0608225e-02   1.3467135e-02  -5.8955553e-02   2.3613681e-02   3.1782473e-02
   1.7217183e-03   8.7576929e-03  -1.0479411e-02   5.4226729e-02  -5.9439430e-02
  -3.6225644e-04  -1.0637623e-03   1.4260187e-03  -4.0704614e-03   8.1562928e-02
   3.8364451e-02   3.8903281e-03  -9.7659426e-02   3.7512229e-02   1.4090098e-02
   4.8063363e-03   3.4011069e-02  -9.4222052e-02   7.7819068e-02  -4.7864000e-04
   6.8563512e-03   5.4303930e-03  -6.7691391e-02   4.2093711e-02  -8.3017101e-03
   2.8222284e-03   2.4776416e-03  -5.2998700e-03   1.0703338e-01   8.7931163e-02
   1.0278863e-03   4.2256374e-04  -1.4504500e-03  -5.3578332e-04   6.4493747e-02
   3.8011502e-02   1.0658648e-02  -8.0424355e-02   1.2540684e-01   1.1476551e-01
   1.9134433e-02   3.0338375e-02  -8.1227012e-02   1.3367341e-01   9.4108502e-02
   1.9072372e-02   8.7195504e-03  -5.9546126e-02   8.8838387e-02   4.8255220e-02
   2.0530533e-03   4.3656537e-03  -6.4187070e-03   7.6150119e-02   9.7322914e-03
   1.5053643e-03  -2.0334136e-03   5.2804927e-04  -1.0018140e-02   4.1996790e-02
   3.3489900e-03  -8.4216495e-02   2.9079177e-02   4.0280039e-02   1.8745847e-02
  -5.4461347e-03  -1.1044698e-03   4.4442044e-02   4.3630705e-02   6.0737984e-02
  -1.2019171e-02   1.2992635e-02   3.6917976e-02   3.6350185e-02   9.5916820e-02
  -1.5685224e-02   6.0119559e-04   5.2975469e-02   4.7987996e-02   2.9472985e-02
  -4.0163783e-03   1.9411920e-03   2.0751862e-03  -2.9397724e-03   2.5271349e-02
   8.4594897e-04  -1.2358668e-03   3.8991779e-04   1.1190155e-02  -3.6874225e-03
   6.5402953e-03   1.0855167e-02  -7.3654796e-03  -1.2687563e-01   1.3272817e-01
   7.5019745e-03   1.6511232e-02  -1.3983224e-02  -1.0193340e-01   2.4299775e-01
   1.6802088e-02   6.8585628e-03  -1.3630668e-02  -1.0600489e-01   1.7034908e-01
  -4.0105133e-03  -2.5980148e-03   6.6085281e-03  -1.8356701e-02  -6.4328939e-02
   8.3744059e-04   4.6992907e-03  -5.5367313e-03   1.7136732e-02   4.0858722e-02
   2.4332739e-05   5.2873296e-03   3.8715740e-02   7.7201027e-03   9.1866019e-02
  -1.4206394e-02   3.3653201e-02   2.4580595e-02   1.1661172e-02   8.0931460e-02
  -9.2801431e-03   1.3041759e-02   4.0265786e-02   2.7785388e-02   6.6854021e-02
  -1.0782335e-03   7.0156805e-03  -5.9374470e-03   1.0570305e-02   9.3125709e-02
  -3.1578646e-04  -3.2220742e-03   3.5378606e-03  -4.4694471e-03  -3.7088674e-02
  -3.6816758e-02  -2.1986029e-03   8.7528586e-02   8.4771194e-02  -5.3690776e-02
  -5.2746276e-02   8.4456561e-03   9.2813844e-02   8.4793323e-02  -7.8504979e-02
  -5.2412404e-02  -1.7254402e-03   1.0265107e-01   7.3927161e-02  -2.2501071e-02
  -5.8903142e-04  -1.1405238e-04   7.0308380e-04   4.2259878e-02   1.0784909e-01
  -2.3127191e-05  -1.9621289e-04   2.1934008e-04  -4.8310980e-03  -3.6190569e-03
  -3.4636006e-03  -3.8579309e-03   3.9865129e-02  -2.4330899e-03  -3.5084439e-02
  -2.4122616e-02   8.2429142e-03   4.8423299e-02   2.5938638e-02  -2.6441726e-02
  -2.5285857e-02  -3.6255620e-03   6.1455016e-02  -2.3412396e-02   1.3328387e-04
   2.8375476e-03  -2.3457656e-03  -4.9178202e-04   1.0449299e-02  -4.1018772e-03
  -1.0218359e-03  -2.7537570e-03   3.7755929e-03  -2.4844921e-03  -1.2471325e-02
  -5.0038774e-03  -1.9437627e-02   6.2952151e-02  -3.5017676e-02  -5.9181500e-04
  -6.5358266e-04  -2.8663024e-02   6.7827254e-02  -8.4228313e-02  -1.2184415e-01
  -3.1493063e-04  -1.4530931e-02   5.3356509e-02  -3.2801745e-02  -4.7632192e-02
  -1.1945284e-02   1.1898576e-02   4.6707125e-05   3.0178469e-02   1.9457120e-02
   6.0582942e-03  -2.4451440e-03  -3.6131502e-03  -6.1899142e-03  -2.6969470e-02
  -1.7658960e-02   3.5083257e-03   7.6425357e-02  -1.8896441e-02  -7.5383625e-03
  -2.8330059e-02   1.5437317e-02   7.5167465e-02  -1.9036754e-02   1.0259671e-01
  -2.8864990e-02   4.8570429e-04   9.0654009e-02  -3.2625557e-02   3.3256493e-02
   1.2067036e-02   1.6163793e-03  -1.3683416e-02  -7.6372535e-04  -8.2618440e-03
  -3.6251490e-03   8.6616770e-04   2.7589813e-03  -8.5538086e-03   8.3848496e-03
   1.6418838e-02  -4.3396813e-03  -2.6784717e-03  -6.7200129e-02  -8.5081392e-02
   1.7418895e-02   3.6046108e-03  -1.1622821e-02  -9.2367546e-02  -1.0726927e-01
   1.1740161e-02  -1.8287699e-03  -5.1070654e-04  -4.8111460e-02  -3.4485389e-02
  -3.6327447e-03   2.8904598e-03   7.4228498e-04  -2.9304185e-02  -3.6663982e-02
   6.8888247e-04  -1.7342681e-03   1.0453857e-03   1.2570796e-02  -2.2503255e-02
   2.0198424e-03  -3.4817679e-03   4.7978854e-02  -9.8502081e-02  -1.1468108e-01
   2.2072590e-03   3.9106871e-03   4.0398982e-02  -1.0386142e-01  -9.4239515e-02
   3.7073325e-03   2.7255062e-03   4.0084090e-02  -7.9843647e-02  -8.1796970e-02
   2.5683505e-03  -5.4536059e-03   2.8852555e-03  -1.9846741e-02   5.1182437e-02
   2.8061864e-03   3.8051383e-03  -6.6113247e-03  -1.0501432e-02  -4.6052780e-02
  -3.4613240e-02   4.6361986e-05   6.7166915e-02  -1.6739669e-02  -8.5261621e-02
  -5.3531037e-02   9.4552014e-03   7.6675872e-02  -9.0922887e-03  -1.5196504e-01
  -4.3290950e-02   2.8377040e-03   7.3053282e-02  -2.8907212e-02  -1.0916029e-01
  -6.2023451e-03   8.7109136e-03  -2.5085685e-03  -3.1875992e-02  -3.0597478e-02
   3.8467820e-03  -1.8314798e-03  -2.0153023e-03   1.5935203e-03   4.3736390e-03
   3.0319433e-02   9.2230847e-03  -5.7933262e-02   3.3836886e-03   4.1951057e-02
   3.6292845e-02   1.7422114e-03  -5.6425801e-02  -4.7308280e-02  -4.7218652e-02
   3.9328958e-02  -2.9945798e-04  -5.7420245e-02  -2.7162433e-02  -4.1159544e-03
   3.0720848e-03   1.5569451e-03  -4.6290299e-03   2.5145583e-02   9.2987872e-02
  -2.4386147e-03  -2.9611926e-04   2.7347340e-03  -5.6241656e-03  -4.1483222e-02
   7.4273533e-03  -5.7390014e-03   7.7326788e-04   1.7407547e-01   3.8750482e-02
  -9.0600366e-03   9.0383041e-04   1.0617826e-02   2.5981813e-01   1.2703647e-01
  -5.0748673e-03  -2.9934105e-03   1.0529898e-02   1.9510888e-01   6.8061345e-02
   3.1379681e-03   7.1292066e-04  -3.8508888e-03  -9.8757379e-03  -1.6576064e-02
  -3.3834085e-03  -1.5532944e-03   4.9367029e-03   5.1059794e-03   3.0485966e-02
  -1.5160606e-03  -4.4453504e-03   5.3852417e-02  -4.7568379e-02   4.3981732e-02
  -2.3965371e-03   2.1097303e-03   4.8177813e-02  -4.5857974e-02   5.8044552e-02
  -1.2592953e-02  -6.8021663e-04   6.1164177e-02  -3.5534031e-02   6.9934617e-02
  -2.8926638e-03   2.2794222e-03   6.1324162e-04   3.4412714e-03  -1.4264257e-02
   1.1306618e-03  -2.9165262e-03   1.7858644e-03  -3.4685177e-03  -4.1584659e-03
  -4.0026753e-03   2.0290219e-03   5.8924533e-02   4.6503372e-02  -1.7006335e-02
  -3.1952930e-03   3.6259491e-03   5.6520223e-02   4.6050219e-02  -2.9490743e-02
  -6.9681328e-03  -6.0390938e-03   6.9958106e-02   3.4310316e-02  -3.5439147e-02
   1.2950999e-03  -9.6303643e-03   8.3352644e-03   2.4035284e-02  -1.0361076e-02
   3.3516794e-04   3.0816920e-03  -3.4168599e-03  -3.7385502e-03  -8.9542979e-03
   4.7857394e-03   5.3591081e-03   3.0268490e-02   5.1950065e-02   5.2126878e-02
   4.1228422e-03   7.6149214e-03   2.8675574e-02   8.0687056e-02   8.3746335e-02
  -8.1345159e-03  -2.9003231e-03   5.1448176e-02   6.1781670e-02   4.0269740e-02
   1.6144379e-03  -9.0409208e-04  -7.1034579e-04   2.5885613e-02   1.4383620e-02
  -8.6559242e-04   1.7026867e-03  -8.3709428e-04  -6.2906830e-03   1.5348795e-02
  -8.6273144e-03  -8.6275237e-03   6.0798332e-02   1.6586074e-01  -2.8531635e-03
  -1.4773922e-02  -8.9160071e-03   6.7233423e-02   1.6098776e-01  -1.9529707e-02
  -1.3727718e-02  -4.4555746e-03   6.1726787e-02   1.6107064e-01  -4.1356692e-02
   3.1175874e-03   4.8723008e-03  -7.9898882e-03  -3.2282169e-02  -2.2965016e-02
   1.3508893e-03  -2.1347323e-03   7.8384300e-04   8.3850852e-03  -3.3436173e-03
  -1.8861472e-02  -1.7106003e-02   8.2159372e-02  -3.1299990e-02   4.8274593e-02
  -2.2741129e-02  -1.5720231e-02   8.4653257e-02  -1.0442035e-02   1.0541172e-01
  -2.6093208e-02  -7.8664124e-03   8.0151518e-02  -2.4604488e-02   1.1681050e-01
  -1.8219626e-03   2.9409305e-04   1.5278696e-03  -1.3313359e-02   1.2138598e-03
  -2.8111321e-03   5.4763339e-04   2.2634988e-03  -6.6697306e-04  -1.1757392e-02
  -1.2495220e-02   9.4797666e-03   5.2799309e-02  -5.7828936e-02   2.1741791e-02
  -2.2448518e-02   2.4098760e-02   4.8133614e-02  -9.0552629e-02  -9.0844825e-03
  -1.8692169e-02   5.1807465e-03   6.3295278e-02  -5.3320056e-02  -4.7126797e-03
  -2.0540481e-03  -1.0712049e-02   1.2766097e-02  -1.6119412e-02   1.5501089e-03
   1.4187080e-04   2.1774051e-03  -2.3192759e-03  -3.4292363e-03  -1.2405423e-02
  -8.7849979e-03  -7.0686750e-03   5.2563446e-02  -6.2183169e-02   4.7987165e-02
  -1.8333685e-02   1.9775019e-03   5.3065956e-02  -3.0556878e-02   8.1567486e-02
  -1.6231155e-02  -2.1556472e-03   5.5096576e-02  -5.7541433e-02   9.9347796e-02
  -7.7146447e-03   1.5218211e-03   6.1928236e-03   2.9114090e-03  -1.7418279e-02
   2.2001631e-03  -1.2877054e-04  -2.0713926e-03   2.5063079e-03  -5.6157233e-03
   7.4682435e-06   1.1747677e-02   8.5168023e-03   5.2052505e-02   2.0556263e-01
  -1.3304721e-02   2.7217192e-02   6.3594768e-03   1.0431448e-01   3.0575884e-01
  -1.0460235e-02   1.2678003e-02   1.8054179e-02   4.6359056e-02   1.6603579e-01
   3.3590532e-03   5.7967210e-03  -9.1557742e-03  -4.1810280e-03  -3.4329589e-02
  -1.6497547e-03  -1.8400942e-03   3.4898489e-03  -4.2603830e-03   8.1579230e-03
  -3.2584193e-01  -7.7586327e-02   1.0915640e+00   9.5285313e-02   2.1430142e-01
   1.1758895e-04  -7.4508579e-03   4.0641859e-02  -4.4882058e-02   1.3566049e-01
  -8.7684652e-03   4.5727035e-03   3.7504352e-02  -4.3226314e-02   1.4154089e-01
  -1.4216331e-02   1.6709010e-04   4.7357831e-02  -5.4697014e-02   6.6054032e-02
   8.1567711e-04  -7.3738319e-03   6.5581547e-03   3.7274036e-02  -3.4214484e-03
  -3.1576050e-03   2.8627150e-03   2.9489003e-04  -1.0128586e-02   4.4798648e-04
  -1.8174299e-02  -1.8346799e-03   4.4420795e-02  -9.8435094e-02   1.0625992e-01
  -2.7697806e-02  -1.0711808e-03   5.3180802e-02  -1.2234414e-01   1.2577482e-01
  -1.9163810e-02  -1.7969411e-03   4.5372567e-02  -1.0143480e-01   7.4853108e-02
   5.7516021e-03  -4.0602331e-03  -1.6913689e-03   8.3518665e-03  -2.9167749e-02
  -4.0292531e-03   2.6825461e-03   1.3467070e-03  -1.9600490e-03   2.7110144e-02
  -2.8328321e-02  -1.1965158e-03   9.2938097e-02   7.7547757e-03  -8.2827004e-02
  -3.4189591e-02   2.6155090e-02   7.1447762e-02   3.4152539e-02  -4.8815172e-04
  -3.0429344e-02   5.4600722e-03   8.8382532e-02   2.0434911e-02  -4.1752857e-02
  -8.5794792e-05  -2.5633034e-03   2.6490982e-03  -1.4046869e-02  -4.6456342e-02
   1.3772732e-03  -3.6604373e-04  -1.0112295e-03   6.1242051e-03   2.0548496e-02
  -8.8206827e-03   2.1308847e-03   3.3352159e-02   8.3264840e-03  -5.8095485e-02
  -3.4671659e-02   2.6346501e-04   6.1070555e-02   4.3964655e-02  -2.6304437e-02
  -2.9299527e-02   6.2533744e-03   4.9708514e-02   2.6017929e-02  -5.6762718e-03
  -2.4257821e-03   1.7030073e-03   7.2277482e-04   2.1512315e-02   7.0156601e-02
   2.7051097e-03  -1.3934958e-03  -1.3116139e-03   1.5249440e-03   4.2992132e-03
  -1.9838195e-02  -1.5243061e-02   8.9250409e-02  -1.8122926e-01  -9.8161890e-02
  -3.9020090e-02  -1.7322396e-02   1.1051164e-01  -1.5436545e-01  -1.0052295e-01
  -4.3295160e-02  -1.8731928e-02   1.1619624e-01  -1.6658586e-01  -4.1222034e-02
   4.5692905e-04   1.9546345e-03  -2.4115636e-03  -1.5661844e-05  -3.2714377e-02
  -1.1440268e-03   3.7135625e-04   7.7267058e-04  -3.2302335e-03  -3.1905306e-03
  -2.5307011e-02  -2.5013960e-02   9.9049819e-02   2.0821713e-04  -2.1883557e-01
  -2.6551283e-02  -3.4384504e-02   1.0966464e-01  -2.8969771e-02  -2.6205617e-01
  -2.5187905e-02  -2.0341770e-02   9.4258523e-02   1.7315900e-02  -2.0926575e-01
   6.7272177e-03   3.6359925e-03  -1.0363210e-02   1.2001792e-02  -1.3601685e-02
  -1.5021235e-03   6.6673306e-04   8.3539047e-04  -1.2968064e-02   3.4215715e-03
  -2.3347967e-02   1.3978149e-03   6.8381843e-02   3.2224777e-02  -6.5875296e-02
  -2.9622447e-02   3.0287031e-03   7.3025434e-02   5.5939337e-02   5.0323597e-02
  -2.5238327e-02  -1.4652233e-03   7.3135241e-02   3.4266476e-02  -4.9453018e-02
   9.7953148e-03  -1.0143869e-02   3.4855398e-04  -1.6885602e-04   3.8190264e-02
  -4.2749494e-03  -1.5196842e-04   4.4269178e-03   1.8201288e-02   1.4512314e-02
  -2.0709144e-02  -2.2605674e-02   9.6125759e-02  -3.5915079e-02  -1.4459012e-01
  -1.8932238e-02  -2.8359081e-02   1.0010226e-01  -4.0328935e-02  -1.9388602e-01
  -2.7893572e-02  -1.7012030e-02   9.7716542e-02  -1.1161905e-02  -1.4115801e-01
   5.5283271e-04  -3.4638147e-03   2.9109820e-03  -8.8764459e-03   5.8083984e-03
   1.5065475e-03   2.3323542e-03  -3.8389017e-03   4.7998174e-03   1.1170998e-02
  -2.0120636e-02  -3.5609235e-03   7.8418007e-02  -4.7183971e-03  -1.4779470e-02
  -2.1258072e-02   1.7971214e-03   7.4197397e-02  -1.5193087e-02  -6.1617380e-02
  -1.6996196e-02  -4.4978890e-03   7.6230532e-02  -1.0928332e-02  -9.1128688e-04
   5.1928352e-03   4.3908003e-03  -9.5836355e-03  -3.7370907e-02  -6.4287392e-02
  -1.5014622e-03   1.8094410e-03  -3.0797889e-04   3.1132594e-03  -6.9580795e-03
  -9.8616093e-03   5.4248009e-03   1.4025287e-02   1.0536086e-01  -6.4074910e-02
  -1.7526082e-02   8.6269637e-03   1.8487596e-02   9.2209551e-02  -1.1544997e-01
  -1.4063313e-02   5.7816226e-03   1.7870169e-02   8.3892876e-02  -6.3088505e-02
  -7.6150036e-03  -1.8763108e-03   9.4913144e-03  -3.4636369e-02  -3.8165095e-02
   2.3970798e-03  -6.0667460e-05  -2.3364123e-03   1.5011305e-03  -5.0009730e-03
  -1.1364843e-02   2.7024325e-03   3.7400277e-02   5.9046553e-02   2.7532697e-02
   7.3313981e-03  -2.7090385e-03   2.4115507e-02  -4.7597136e-04  -9.5776533e-02
   8.4261855e-03  -5.0259382e-03   2.5337619e-02   9.7042794e-03  -6.8755150e-02
   1.6126127e-03   5.9406837e-03  -7.5532964e-03   2.0665476e-03   3.2588322e-02
  -2.1111275e-04  -2.3058211e-03   2.5169338e-03  -1.3965795e-02  -4.5333783e-02
  -3.5926739e-02  -3.1310268e-03   9.7988601e-02   6.9795915e-02  -1.3128780e-01
  -4.6105180e-02   2.8354913e-04   1.0475247e-01   8.3842818e-02  -8.6816078e-02
  -3.7987409e-02  -1.0640044e-02   1.0755829e-01   7.5008910e-02  -7.0123924e-02
   4.5526734e-03  -2.0606318e-04  -4.3466102e-03  -2.9874418e-03   6.8429664e-03
  -2.8850501e-03   4.0636779e-04   2.4786823e-03   1.9315157e-02   5.2268189e-03
  -9.3820008e-03  -7.6771858e-03   7.5789418e-02  -1.3853509e-01  -8.2600293e-02
  -3.7084327e-03  -1.6743491e-03   6.4113013e-02  -1.3487029e-01  -8.2845281e-02
  -1.4657910e-02  -3.7460900e-03   7.7134231e-02  -1.3814512e-01  -5.2511425e-02
  -3.7160016e-03   5.1900306e-03  -1.4740290e-03   1.5221699e-02   2.5213172e-02
   4.2288830e-03  -2.3959009e-03  -1.8329821e-03  -4.1102922e-03   1.2986594e-02
  -1.8129804e-02  -1.1713863e-02   8.3044857e-02   1.4167952e-03   8.7233494e-03
  -1.9750725e-02  -2.1699890e-02   9.4651806e-02   3.3635099e-02   5.6515238e-02
  -2.0755343e-02  -2.0684431e-02   9.4640965e-02  -8.2876949e-03  -1.8049622e-02
  -5.4421292e-03   4.1816846e-03   1.2604446e-03   2.2191140e-02   5.5141730e-03
   8.4040083e-04  -2.5660336e-03   1.7256328e-03  -1.0511180e-02  -1.1234982e-02
  -1.5088328e-03   6.3077957e-03   3.8680873e-02  -1.0483261e-01  -4.5252088e-02
   9.0949060e-03   2.3045467e-02   1.1339463e-02  -9.8675665e-02  -4.1370952e-02
  -2.0774783e-03   6.0343469e-03   3.9522968e-02  -1.3563652e-01  -1.2262834e-01
   2.8921554e-04   1.1351356e-03  -1.4243511e-03   9.8798436e-03  -6.2093094e-03
  -2.0210646e-03   5.2125766e-03  -3.1915120e-03   2.1001787e-03   3.3528845e-02
  -2.4404862e-02  -1.2073198e-02   8.5981888e-02  -6.4535602e-02  -4.6281116e-02
  -3.9636878e-02  -1.6310079e-02   1.0545079e-01  -6.5551910e-02  -5.2632599e-02
  -3.0597082e-02  -8.8611049e-03   8.8962016e-02  -4.8216097e-02  -4.7633121e-02
  -8.1301409e-03  -8.5362316e-04   8.9837640e-03   2.7117069e-02   1.8172773e-02
   5.0415525e-03  -1.9186805e-04  -4.8496844e-03  -7.5441037e-03   2.1150105e-02
  -2.2872062e-02  -2.0134798e-02   9.4588260e-02  -1.0288363e-01  -2.2003208e-02
  -3.2774835e-02  -2.0424941e-02   1.0478118e-01  -8.4229567e-02   1.2394688e-01
  -3.5254673e-02  -1.4287774e-02   1.0112385e-01  -9.7031493e-02   4.8505743e-02
   5.5562406e-03  -3.5789616e-03  -1.9772790e-03  -6.8287442e-03   3.1625795e-03
  -3.3258922e-03   3.7540643e-05   3.2883515e-03  -1.1383707e-02  -1.3755009e-02
  -1.4399853e-02   3.0641718e-03   5.4841170e-02  -4.2623001e-02  -8.8422776e-02
  -2.0967705e-02   6.3502978e-03   5.8122897e-02  -4.4027289e-02  -1.2461431e-01
  -1.8525914e-02  -2.1933433e-03   6.4224747e-02  -2.7552206e-02  -7.9934694e-02
   8.6787214e-03  -5.8346847e-03  -2.8440367e-03  -2.7772313e-02   8.9806994e-03
  -6.9123607e-04   5.7771448e-04   1.1352159e-04   9.9123737e-03   3.3227134e-03
  -1.0822618e-03  -9.8327637e-03   3.3104629e-02  -5.3978161e-02  -9.0094564e-02
  -6.2119817e-04  -1.5417405e-03   2.4352542e-02  -2.5202741e-02   3.2710512e-03
  -3.0872064e-03   4.6729243e-03   2.0603885e-02  -4.7375633e-02   9.7625449e-03
  -3.9186186e-03   1.1030045e-05   3.9075885e-03  -2.9729025e-02   1.0812932e-02
  -2.5702222e-03  -1.1944637e-03   3.7646859e-03   1.7448945e-02  -1.9749472e-02
  -1.9355852e-02   2.4031080e-03   5.8639874e-02  -1.0058648e-01   1.6112366e-01
  -2.9736285e-02   2.1240258e-02   5.0183157e-02  -1.2625325e-01   1.3201263e-01
  -1.5118679e-02   1.9569763e-03   5.4848833e-02  -1.3948269e-01   4.1033028e-02
   2.8151743e-03   6.2946007e-04  -3.4446344e-03   8.0309617e-03  -2.8398268e-02
  -5.6072388e-04  -9.2674014e-04   1.4874640e-03  -5.0568614e-03  -2.0796272e-02
  -3.9643491e-01  -9.7896763e-02   1.3601407e+00  -6.8519155e-01  -7.3777076e-01
   2.9351845e-02  -9.5459677e-04  -6.6265153e-02   5.4098044e-02   1.6176076e-01
   1.2297993e-02   7.3692800e-03  -5.7535178e-02   5.9990353e-02   1.5821892e-01
   1.1620350e-02   8.9044275e-03  -5.8392681e-02   4.3366684e-02   3.6806179e-02
  -7.0690474e-03  -3.4716240e-03   1.0540671e-02  -3.7005786e-02  -1.7139038e-02
   1.0031220e-03   1.0343687e-03  -2.0374907e-03   1.8302896e-02   3.1264342e-02
   5.1545578e-03   1.2422024e-02  -3.0310742e-02   5.7249699e-02   1.3554613e-01
  -1.4520792e-02   2.3269578e-02  -2.1482948e-02   2.5932702e-02   9.2487960e-02
   4.7367308e-03   7.4512597e-03  -2.4922151e-02   5.2482052e-02   8.1521830e-02
   3.8003563e-03   4.2055316e-03  -8.0058880e-03  -1.3528835e-02   3.6884556e-02
  -1.2015585e-04  -1.7962606e-03   1.9164164e-03   1.0537534e-02  -9.0025174e-03
   2.8933590e-02   1.8320653e-02  -8.8233329e-02   1.4725378e-02   6.4097259e-02
   1.4685902e-02   4.5238746e-02  -1.0090373e-01   7.4697299e-02   2.2724740e-01
   1.4790888e-02   2.6335779e-02  -8.2105753e-02   3.5512302e-02   1.2986173e-01
   4.5349555e-03  -9.0747295e-03   4.5397741e-03   2.3859031e-02  -5.7983839e-02
   2.2091701e-03   1.4419586e-03  -3.6511287e-03  -1.6539340e-02   5.5638312e-03
   2.4550951e-02   1.2506985e-02  -7.5460454e-02   1.4590167e-01   3.4329819e-03
   5.5000138e-03   2.6274518e-02  -7.0177050e-02   1.7175363e-01   2.8673815e-02
   1.3175893e-02   1.9939948e-02  -7.1518359e-02   1.8687130e-01   9.6377317e-02
  -1.7611321e-03  -5.7488047e-03   7.5099368e-03  -6.9428516e-04  -3.8286174e-02
   1.4131603e-05   1.1681884e-03  -1.1823200e-03   6.4725039e-03   5.6055242e-02
   3.3231052e-02  -7.5148226e-03  -9.8109643e-02  -7.7235931e-02   7.8538830e-03
   1.6998775e-02  -8.4299451e-03  -8.0962243e-02  -8.8427989e-02  -3.2415559e-02
   1.0270540e-02  -5.0812959e-03  -7.7582658e-02  -1.1966859e-01   6.9801000e-03
  -6.6397481e-04  -3.8326381e-03   4.4966129e-03   1.8246682e-03  -5.1458234e-02
  -6.5963140e-04   6.9778166e-03  -6.3181852e-03  -4.1626982e-03   2.6770455e-02
   2.8255019e-02  -1.0584501e-02  -4.7441485e-02  -6.6357893e-02  -8.6925472e-02
   2.9444161e-02  -1.9404453e-02  -3.9810674e-02  -1.1754685e-01  -2.3442226e-01
   2.7568478e-02  -1.2359641e-02  -4.4979804e-02  -5.1229291e-02  -7.5055839e-02
   3.4443797e-03  -1.2796541e-02   9.3521608e-03  -2.6869329e-02   2.2299833e-02
  -3.7701918e-03   7.5564319e-04   3.0145486e-03   9.5555626e-03   2.5855158e-02
   2.8244762e-02   5.9722453e-03  -6.7435908e-02   1.3944944e-01   3.7595540e-02
   2.7839902e-02   7.9788800e-03  -6.9037683e-02   7.4748666e-02   4.3621641e-02
   3.4400102e-02   3.7340713e-03  -7.1353074e-02   7.7398165e-02  -3.6288472e-02
   6.7002194e-03  -1.8735940e-02   1.2035721e-02   1.2314694e-04  -2.5174937e-02
   4.2315524e-04   1.7224298e-03  -2.1455851e-03   9.3614568e-03   5.6521719e-02
   2.1287234e-02  -8.1998172e-03  -1.6391886e-02  -6.3885949e-02  -7.0327961e-02
   2.6319419e-02  -1.0028704e-02  -1.9595184e-02  -6.7282525e-02  -3.1661585e-02
   2.7937831e-02   1.0116527e-03  -3.2253953e-02  -5.0091934e-02  -2.7872007e-02
   5.7498918e-03  -1.0240451e-02   4.4905591e-03   2.7331224e-02  -4.0457448e-02
  -2.3782407e-03   4.1224962e-03  -1.7442556e-03   5.0953457e-03   4.9128966e-02
   3.1547150e-02   3.4875287e-03  -6.7152813e-02   1.1651415e-01  -9.5334920e-03
   3.4975620e-02  -3.3909977e-03  -6.3702757e-02   5.3646566e-02  -1.9541255e-01
   3.7322794e-02  -3.8512501e-03  -6.5589678e-02   9.1683119e-02  -3.3484075e-02
  -5.4891270e-03   2.8700641e-03   2.6190629e-03   4.5382226e-03   9.8895222e-03
   2.8904667e-03  -4.7109619e-04  -2.4193705e-03  -1.6314804e-02  -4.5711608e-02
   1.6353891e-02   5.4541182e-03  -3.1636168e-02   6.2450464e-02   3.4853984e-02
   1.6159546e-02  -2.1235300e-03  -2.3864176e-02   7.3651715e-02   5.6382962e-02
   2.8426520e-02   3.0294467e-03  -4.1284125e-02   4.9371564e-02   7.1367513e-04
  -1.8644852e-03  -1.6407921e-03   3.5052773e-03  -4.0396557e-02  -7.8571747e-02
  -8.1571004e-04   2.4517957e-03  -1.6360857e-03  -4.0029155e-03   2.8369253e-02
  -1.0454558e-02   1.0024056e-02   9.6884678e-03  -8.6565003e-02  -1.2657457e-02
  -6.4736998e-03   8.7488856e-03   6.9827805e-03  -1.3616608e-01  -1.0742846e-01
  -1.7779927e-03   9.4133064e-03   1.6226526e-03  -1.1097019e-01  -4.9763865e-02
  -2.2398948e-03   3.2483851e-03  -1.0084903e-03   1.8690037e-02   4.3225387e-02
  -5.2268210e-04   4.6770727e-04   5.4974833e-05  -1.0663854e-02  -2.6803738e-02
   2.0272526e-02   8.2111119e-03  -6.4998480e-02   3.2309093e-02  -5.1536920e-02
   2.0165207e-02   1.1845931e-02  -6.8525979e-02   7.7873249e-03  -7.3485016e-02
   2.5413310e-02   3.0321212e-03  -6.4960273e-02   3.5089350e-02  -2.1752966e-03
   5.0762212e-03  -8.6143274e-04  -4.2147885e-03   4.8999344e-03   1.4081010e-02
  -1.8037589e-03   1.1843178e-03   6.1944103e-04  -5.1927106e-03  -4.2852672e-03
   3.4122548e-02   6.6281738e-03  -7.2860691e-02   6.0072170e-02   5.3998633e-02
   3.4662471e-02   3.2762148e-03  -7.0048655e-02   4.2972126e-02   1.5999613e-02
   2.8670689e-02   9.4038360e-03  -7.0184494e-02   6.1411137e-02   3.2170275e-03
  -2.8061511e-03   4.9899794e-03  -2.1838283e-03   3.0044982e-03   1.8059315e-02
   3.4109467e-03  -3.4962009e-03   8.5254263e-05  -2.9794100e-03  -2.8582055e-02
   3.0181413e-02   4.9910355e-03  -6.8743707e-02   8.2976622e-03   2.6074029e-02
   2.8351008e-02   7.7617428e-03  -6.9684009e-02   1.8119951e-02   3.2027720e-02
   3.7833305e-02  -8.6780754e-04  -7.0536756e-02   2.1224055e-03  -1.0607502e-02
  -2.8866089e-03   1.1855462e-02  -8.9688530e-03  -5.1403857e-03  -5.8965294e-02
   1.5035776e-03  -1.1558443e-03  -3.4773331e-04   1.3991599e-02   3.0754827e-02
   1.8612216e-02   7.9008753e-03  -4.9693647e-02   2.1639646e-02   3.6790154e-02
   1.9529101e-02   2.8935633e-02  -7.1645289e-02   1.1051972e-02   6.3439417e-02
   1.7173232e-02   1.4058821e-02  -5.4412608e-02   7.8438377e-03  -2.1608702e-02
   7.2158850e-03  -4.1256831e-03  -3.0902018e-03   1.3822466e-02  -4.1046582e-02
  -5.5771701e-03   3.0697615e-03   2.5074086e-03  -2.8935069e-03   1.1741949e-02
   2.3985535e-02  -2.6947459e-03  -6.3845731e-02  -4.1672862e-02   2.7082202e-02
   4.9020756e-03  -5.8953268e-03  -4.1561691e-02  -3.2941994e-02   1.0556460e-02
   1.6209410e-02  -1.8360865e-03  -5.6928266e-02  -1.5386693e-02   1.1577019e-02
  -8.7809491e-03  -2.9228934e-03   1.1703843e-02   1.2687188e-02   6.4321016e-03
   5.5168992e-03  -2.7267607e-04  -5.2442231e-03  -6.3845271e-03   1.7667540e-03
   3.9200246e-02  -4.6601761e-03  -8.2591525e-02  -3.0868300e-02   1.3260128e-02
   3.9640105e-02  -1.8932852e-03  -8.5798275e-02  -2.0152773e-02   9.6759589e-02
   3.4520508e-02   3.8900378e-03  -8.6462000e-02  -5.4026389e-02   4.6654740e-02
   1.6973308e-02   2.5264825e-03  -1.9499791e-02   1.7295753e-02   6.3608813e-02
  -3.8518432e-03  -3.9669230e-03   7.8187662e-03  -1.8766177e-02  -6.6141200e-02
   1.5970309e-02   4.3695812e-03  -3.8140044e-02  -3.9076167e-03  -1.3780618e-02
  -3.9365610e-03   5.5721797e-03  -1.9435773e-02  -4.0706482e-02  -1.1724509e-01
   1.1376076e-02   3.9013129e-03  -3.3077543e-02   1.8306668e-02  -1.4187428e-02
   1.1295072e-03   5.8029685e-03  -6.9324757e-03   2.9632425e-02   6.4837310e-02
   1.9538080e-04  -1.3375411e-03   1.1421603e-03  -1.5436688e-02  -2.7104134e-02
   3.2027695e-02  -9.1474019e-03  -4.8050969e-02   1.1977330e-01   7.8337691e-02
   3.5153923e-02  -9.1391916e-03  -5.1185406e-02   1.5318175e-01   1.3436172e-01
   2.7175402e-02   4.8273014e-03  -5.7173378e-02   1.4633860e-01   1.6992860e-01
  -6.9268992e-03   4.9596527e-04   6.4309339e-03   4.0996313e-02   7.9965816e-02
   1.5628405e-03   1.9906897e-05  -1.5827474e-03   1.6630834e-03  -6.9694704e-04
   1.3433232e-02   1.2169743e-02  -2.9897322e-02  -1.8514957e-02   4.5160695e-02
   7.7231803e-04   2.2568009e-02  -2.7634674e-02  -9.1821573e-03   1.0920710e-01
   1.8901544e-02   8.5347214e-03  -3.1730613e-02  -2.4942069e-02  -1.5317766e-03
  -3.4857535e-03   1.1331345e-02  -7.8455911e-03  -7.8265670e-03  -3.7528920e-02
   7.5513964e-04  -2.7176579e-03   1.9625183e-03  -8.6546790e-03  -2.8388816e-02
   4.8003684e-01   9.7596457e-02  -1.1422412e+00   4.4882131e-01   3.5944656e-01
